pykrige/tests/test_data/test3_dem.asc
ncols         339
nrows         340
xllcorner     1065525.734724
yllcorner     240087.45636954
cellsize      22.379654135142
NODATA_value  -9999
[rows 27 to 53 of 340, columns 120 to 179 of 339]
13.16632 13.50674 13.63826 13.67644 15.89215 17.95757 17.95757 18.06119 18.13001 19.35095 19.77213 19.77957 19.977 19.98889 19.98889 20.48469 21.22454 21.86721 22.85395 23.83929 24.3677 25.35763 25.35763 25.9221 26.11586 26.36138 26.53874 26.72772 26.87086 26.87086 26.78572 26.65861 26.57785 26.66923 26.89611 26.85789 26.70464 26.70464 26.81536 26.90466 26.90104 26.97387 27.00191 26.97257 27.03329 27.03329 27.07586 27.19825 27.22761 27.60832 27.7261 27.64304 27.45481 27.45481 27.46746 27.47011 27.56134 27.59109 27.59107 27.73483
12.74799 13.20474 13.67153 13.74155 13.94904 16.54659 16.54659 17.02744 17.10986 17.45926 18.16679 18.36251 18.71902 19.41372 19.41372 20.43002 21.86182 22.74089 22.97153 23.93429 24.42297 24.42297 25.82155 25.9645 26.11122 26.32408 26.47793 26.70133 26.8628 26.8628 27.02739 26.56915 26.55702 26.55557 26.75119 26.85879 26.74463 26.74463 26.70903 27.0622 27.03452 27.06736 27.12268 27.02745 27.15034 27.15034 27.15286 27.09696 27.01307 27.11468 27.3972 27.44224 27.32541 27.32541 27.17244 27.22318 27.17729 27.33498 27.02646 26.7525
12.74799 13.20474 13.67153 13.74155 13.94904 16.54659 16.54659 17.02744 17.10986 17.45926 18.16679 18.36251 18.71902 19.41372 19.41372 20.43002 21.86182 22.74089 22.97153 23.93429 24.42297 24.42297 25.82155 25.9645 26.11122 26.32408 26.47793 26.70133 26.8628 26.8628 27.02739 26.56915 26.55702 26.55557 26.75119 26.85879 26.74463 26.74463 26.70903 27.0622 27.03452 27.06736 27.12268 27.02745 27.15034 27.15034 27.15286 27.09696 26.92382 26.99632 27.06688 27.06218 26.96735 26.96735 26.81121 26.65846 26.57856 26.56393 26.54584 26.48737
12.42885 12.62043 12.59522 13.75206 13.86172 14.38666 14.38666 16.05662 16.08843 16.39381 16.93257 17.73973 18.60337 20.35732 20.35732 20.91511 21.9252 23.19024 23.36654 24.16171 24.71278 24.71278 25.70836 26.07435 26.29964 26.57639 26.39959 26.69695 27.01998 27.01998 27.05434 26.88073 26.73425 26.7038 26.73491 26.82053 26.813 26.813 26.71068 26.85662 26.92683 26.93927 27.07398 26.94452 27.09964 27.09964 27.0218 26.95374 26.92382 26.99632 27.06688 27.06218 26.96735 26.96735 26.81121 26.65846 26.57856 26.56393 26.54584 26.48737
12.25628 12.62234 12.82886 13.44855 13.92785 13.98328 13.98328 14.37451 15.04406 15.75191 17.95463 18.66229 19.12077 20.00735 20.00735 21.1813 21.94086 23.08675 23.71143 24.39452 24.95167 24.95167 25.52288 26.09329 26.41218 26.54796 26.31433 26.4939 26.91304 26.91304 26.95863 26.754 26.87456 27.38447 26.72032 26.78265 26.75721 26.75721 26.59588 26.7503 26.84215 26.83863 26.74211 26.79501 26.8567 26.8567 26.88936 26.82761 26.78282 26.76319 26.75662 26.74129 26.68119 26.68119 26.66822 26.73027 26.75569 26.7288 26.63866 26.66045
12.25628 12.62234 12.82886 13.44855 13.92785 13.98328 13.98328 14.37451 15.04406 15.75191 17.95463 18.66229 19.12077 19.12077 20.00735 21.1813 21.94086 23.08675 23.71143 24.39452 24.95167 24.95167 25.52288 26.09329 26.41218 26.54796 26.31433 26.4939 26.91304 26.91304 26.95863 26.754 26.87456 27.38447 26.72032 26.78265 26.75721 26.75721 26.59588 26.7503 26.84215 26.83863 26.74211 26.79501 26.8567 26.8567 26.88936 26.82761 26.78282 26.76319 26.75662 26.74129 26.68119 26.78375 26.77433 26.71009 26.42782 26.4686 26.35087 26.20848
10.069 12.16649 12.71775 12.9654 13.39679 14.04052 14.04052 14.09347 14.69413 16.30015 17.75627 18.38657 19.02206 19.02206 20.12833 20.8998 22.30031 22.91226 23.86084 24.299 25.22028 25.22028 25.96682 26.79929 26.73075 26.50311 26.38516 26.31832 26.53841 26.53841 26.69066 26.66303 26.68035 26.6765 26.57328 26.64142 26.597 26.597 26.57652 26.52246 26.62379 26.56064 26.53949 26.5907 26.63313 26.63313 26.6688 26.71351 26.77517 26.95898 26.99264 26.76066 26.78375 26.78375 26.77433 26.71009 26.42782 26.4686 26.35087 26.20848
9.472053 11.14546 12.15317 12.57541 13.18731 13.86878 13.86878 13.87198 14.04754 15.34857 15.85324 16.05581 17.41756 17.41756 19.91293 21.13652 22.43764 22.73798 23.35118 23.43454 25.18676 25.18676 25.26068 26.49746 26.69982 26.49202 26.47205 26.15267 26.3928 26.3928 26.61963 26.50433 26.45238 26.46627 26.34215 26.34132 26.4046 26.4046 26.41749 26.43423 26.5096 26.5452 26.67937 26.78577 26.88239 26.88239 26.77826 27.12634 26.92812 26.84415 26.67613 26.23387 26.43057 26.43057 26.39005 26.18537 26.20945 26.03923 25.68679 25.83186
9.472053 11.14546 12.15317 12.57541 13.18731 13.18731 13.86878 13.87198 14.04754 15.34857 15.85324 16.05581 17.41756 17.41756 19.91293 21.13652 22.43764 22.73798 23.35118 23.43454 25.18676 25.18676 25.26068 26.49746 26.69982 26.49202 26.47205 26.15267 26.3928 26.3928 26.61963 26.50433 26.45238 26.46627 26.34215 26.34132 26.4046 26.4046 26.41749 26.43423 26.5096 26.5452 26.67937 26.78577 26.88239 26.88239 26.77826 27.12634 26.92812 26.84415 26.67613 26.23387 26.43057 26.43057 26.39005 26.18537 26.20945 24.71158 24.28149 23.98014
8.288958 11.41835 11.90366 12.08717 12.60622 12.60622 13.00311 13.50179 13.79829 14.19526 15.24887 16.10289 16.89392 16.89392 19.06044 21.13963 22.17656 22.67533 22.89104 23.17304 23.55254 23.55254 24.46713 25.35844 26.0904 26.11217 26.04733 25.85855 26.01935 26.01935 26.16968 26.20334 26.27379 26.22717 26.44081 26.50734 26.62373 26.62373 26.67608 26.62516 26.69043 26.71934 26.70295 26.79553 26.71111 26.71111 26.69772 26.65355 26.71006 26.62434 26.39681 25.70485 25.87018 25.87018 25.95545 25.53567 25.3341 24.71158 24.28149 23.98014
7.299196 9.255835 9.303082 10.08264 11.14032 11.14032 12.21359 13.21418 13.49619 13.65087 14.95209 15.92508 17.25951 17.25951 17.89272 18.79413 21.19864 22.61964 21.99463 22.54165 23.23191 23.23191 23.85729 24.49864 25.12962 25.5106 25.69469 25.88293 26.12508 26.12508 26.25697 26.24381 26.20086 26.4071 26.63631 26.61938 26.5026 26.5026 26.47618 26.53621 26.53444 26.704 26.6941 26.67507 26.55017 26.55017 26.46181 26.33386 26.24035 26.16976 25.98504 24.54251 23.59596 23.59596 23.06379 23.34321 24.14065 22.70557 22.51743 22.32031
7.299196 9.255835 9.303082 10.08264 11.14032 11.14032 12.21359 13.21418 13.49619 13.65087 14.95209 15.92508 17.25951 17.25951 17.89272 18.79413 21.19864 22.61964 21.99463 22.54165 23.23191 23.23191 23.85729 24.49864 25.12962 25.5106 25.69469 25.88293 26.12508 26.12508 26.25697 26.24381 26.20086 26.4071 26.63631 26.61938 26.5026 26.5026 26.47618 26.53621 26.53444 26.704 26.6941 26.67507 26.55017 26.55017 26.46181 26.33386 26.24035 26.16976 25.98504 24.54251 23.59596 23.59596 23.06379 23.34321 24.14065 22.70557 22.51743 22.32031
6.695856 9.162377 9.348826 9.46649 10.43574 10.43574 11.43352 12.38699 13.16376 13.37648 13.80536 14.87368 15.86566 15.86566 16.7172 17.67804 18.76382 19.83998 20.95337 21.90199 22.83949 22.83949 23.78018 24.53602 25.04192 25.15681 25.79768 25.96874 25.98596 25.98596 26.30042 25.98621 25.79238 26.0127 26.3889 26.30394 26.40368 26.40368 26.21272 26.23993 26.00487 26.31772 26.42882 26.42724 26.36108 26.36108 26.40428 26.17525 26.03844 25.769 25.57447 23.89495 22.2741 22.2741 21.57045 21.36889 21.44848 22.36716 22.25877 21.53629
6.525503 8.887715 9.175806 10.07192 10.24897 10.24897 10.83239 11.98983 12.89441 13.18592 13.16763 13.99894 15.14003 15.14003 16.26097 17.38152 18.49579 19.8508 21.06875 22.13634 23.02187 23.02187 23.55467 23.93204 24.57977 24.70234 25.05193 25.35389 25.49668 25.49668 25.93691 25.97669 25.62297 25.54349 25.288 25.41906 25.79698 25.79698 25.62031 25.37867 25.32332 25.60851 25.61411 25.64933 26.14261 26.14261 26.15972 25.87661 25.63863 24.91303 24.4481 23.20149 20.92127 20.92127 20.27794 20.12008 20.01637 16.76375 15.91077 15.73007
6.525503 8.887715 9.175806 10.07192 10.24897 10.24897 10.83239 11.98983 12.89441 13.18592 13.16763 13.99894 15.14003 15.14003 16.26097 17.38152 18.49579 19.8508 21.06875 22.13634 23.02187 23.02187 23.55467 23.93204 24.57977 24.70234 25.05193 25.35389 25.49668 25.49668 25.93691 25.97669 25.62297 25.54349 25.288 25.41906 25.79698 25.79698 25.62031 25.37867 25.32332 25.60851 25.61411 25.64933 26.14261 26.14261 26.15972 25.87661 25.63863 24.91303 24.4481 23.20149 20.92127 20.92127 20.27794 20.12008 20.01637 16.76375 15.91077 15.73007
6.459741 8.438907 8.933394 9.829995 10.0577 10.0577 10.23312 11.58 12.39915 12.94985 12.95982 13.66221 14.46967 14.46967 14.78477 15.2943 16.91788 19.06794 21.10851 21.71867 22.77591 22.77591 23.15827 23.64112 24.12589 24.10851 24.32124 25.10758 25.10557 25.10557 24.88603 24.98798 25.07249 25.03569 24.86622 24.74916 25.12643 25.12643 25.20317 24.73502 24.67076 24.76537 24.66605 24.61414 24.8104 24.8104 24.07614 23.1994 21.9489 20.58041 20.32684 19.84414 18.9002 18.9002 17.72884 18.63679 18.26138 16.43627 15.21758 15.24198
6.467166 7.942371 8.972344 9.382927 9.724087 9.724087 10.47591 11.69212 12.21983 12.26735 12.60677 12.77368 13.67628 13.67628 13.05003 13.11846 16.03432 18.80882 19.00086 21.71437 22.624 22.624 22.99614 23.582 23.8378 23.71139 24.03946 24.50825 24.72348 24.72348 24.88387 24.82059 24.74229 24.66059 24.53119 24.50448 24.95667 24.95667 25.07851 24.67158 23.63728 23.07541 21.84297 21.08525 20.68738 20.68738 19.49044 18.02518 16.47388 15.26483 14.82448 16.66776 16.98512 16.98512 15.95848 17.0382 15.83561 15.33559 14.5743 14.69914
6.467166 7.942371 8.972344 9.382927 9.724087 9.724087 10.47591 11.69212 12.21983 12.26735 12.60677 12.77368 13.67628 13.67628 13.05003 13.11846 16.03432 18.80882 19.00086 21.71437 22.624 22.624 22.99614 23.582 23.8378 23.71139 24.03946 24.50825 24.72348 24.72348 24.88387 24.82059 24.74229 24.66059 24.53119 24.50448 24.95667 24.95667 25.07851 24.67158 23.63728 23.07541 21.84297 21.08525 20.68738 20.68738 19.49044 18.02518 16.47388 15.26483 14.82448 16.66776 16.98512 16.98512 15.95848 17.0382 15.83561 15.33559 14.5743 14.69914
6.419634 7.233948 8.851123 9.098054 9.446624 9.446624 10.32373 11.27522 12.07063 12.00255 12.28605 12.30909 13.02855 13.02855 13.83553 14.54294 14.8186 16.48092 18.93756 22.12169 22.62431 22.62431 23.05874 23.45197 23.75236 23.49733 23.68249 24.6609 24.68791 24.68791 24.81774 24.85858 23.86394 23.69973 23.52962 22.66454 20.87362 20.87362 19.85611 18.35959 18.22135 18.64205 18.158 15.2283 14.63579 14.63579 14.75401 14.6063 14.4707 14.23806 14.24514 15.31939 15.59856 15.59856 15.69035 15.50536 15.2119 14.85751 13.96272 14.02184
6.361787 6.646713 8.608353 8.969719 9.280687 9.280687 10.08708 10.77232 11.45133 11.99424 12.17611 12.04786 13.04752 13.04752 13.44244 13.86101 14.48313 14.9221 18.02732 22.41453 22.72017 22.72017 22.98016 23.39854 23.51197 23.30744 23.24657 23.27556 23.52308 23.52308 23.36542 21.781 19.56183 18.28756 18.3192 18.21178 18.04249 18.04249 17.35887 16.54061 16.54769 16.41123 14.74379 14.41983 14.50049 14.50049 14.85621 14.80823 14.53683 14.25695 14.26071 14.43646 14.57618 14.57618 14.44744 14.38834 14.552 14.26416 13.61272 13.42743
6.361787 6.646713 8.608353 8.969719 9.280687 9.280687 10.08708 10.77232 11.45133 11.99424 12.17611 12.04786 13.04752 13.04752 13.44244 13.86101 14.48313 14.9221 18.02732 22.41453 22.72017 22.72017 22.98016 23.39854 23.51197 23.30744 23.24657 23.27556 23.52308 23.52308 23.36542 21.781 19.56183 18.28756 18.3192 18.21178 18.04249 18.04249 17.35887 16.54061 16.54769 16.41123 14.74379 14.41983 14.50049 14.50049 14.85621 14.80823 14.53683 14.25695 14.26071 14.43646 14.57618 14.57618 14.44744 14.38834 14.552 14.26416 13.61272 13.42743
6.347044 6.64642 8.599431 8.726811 8.978609 8.978609 9.717164 10.59317 11.57738 12.18861 11.96647 11.69677 11.9439 11.9439 12.76676 13.24956 13.70766 13.04153 14.065 20.29323 22.66171 22.66171 23.32282 23.43581 23.15984 23.31842 23.10812 20.95685 21.1467 21.1467 20.71976 19.3461 16.65939 16.91015 17.66297 16.63969 14.25544 14.25544 13.47554 14.42052 14.49461 14.78084 14.53863 14.31172 14.27825 14.27825 14.58024 14.56144 14.41638 14.09677 13.84253 13.75714 13.73297 13.73297 13.72736 13.59199 13.48322 12.9973 12.86255 12.79375
6.418803 6.392078 8.406315 8.509816 8.745232 8.745232 9.304436 10.07348 10.78833 11.5983 11.64032 11.43027 11.51739 11.51739 12.45507 12.45133 12.31145 12.63634 13.20978 16.72589 18.71947 18.71947 19.65737 19.50309 19.40144 21.2671 20.45611 18.83125 19.00835 19.00835 18.92618 18.74741 14.64107 14.41867 13.81909 13.16958 12.32187 12.32187 12.40382 12.39447 13.50528 13.69917 14.03824 13.83586 13.85639 13.85639 13.8201 13.87172 13.09732 13.19732 12.63836 12.53243 12.46124 12.46124 12.57618 12.63136 12.72003 12.75456 12.74642 12.7985
6.418803 6.392078 8.406315 8.509816 8.745232 8.745232 9.304436 10.07348 10.78833 11.5983 11.64032 11.43027 11.51739 11.51739 12.45507 12.45133 12.31145 12.63634 13.20978 16.72589 18.71947 18.71947 19.65737 19.50309 19.40144 21.2671 20.45611 18.83125 19.00835 19.00835 18.92618 18.74741 14.64107 14.41867 13.81909 13.16958 12.32187 12.32187 12.40382 12.39447 13.50528 13.69917 14.03824 13.83586 13.85639 13.85639 13.8201 13.87172 13.09732 13.19732 12.63836 12.53243 12.46124 12.46124 12.57618 12.63136 12.72003 12.75456 12.74642 12.7985
6.465013 6.540986 8.118785 8.527608 8.843057 8.843057 9.370427 9.797915 10.05539 10.38666 10.67784 11.18272 11.08899 11.08899 11.59382 11.94715 12.08059 12.2973 12.08782 13.07602 14.30819 14.30819 18.58807 19.10025 18.84839 18.39237 18.29667 18.43808 18.51551 18.51551 18.70629 18.75863 15.39182 13.14811 12.89036 12.2243 11.78113 11.78113 12.04336 12.10765 12.67389 12.73419 12.73927 12.3077 12.2852 12.2852 12.26203 12.21919 12.29748 12.36079 12.39574 12.44598 12.47241 12.47241 12.55436 12.70235 12.77397 12.78524 12.86115 13.13021
6.532869 6.708255 8.128409 8.430044 8.833188 8.833188 9.523171 9.863276 10.00445 10.27176 10.5141 11.00142 10.88509 10.88509 11.59878 11.76869 11.77321 11.90524 11.91102 12.65782 13.90929 13.90929 15.44004 16.86253 16.69621 17.4121 17.93848 16.75316 18.12763 18.12763 16.54844 11.35257 10.75988 11.5108 11.2939 11.20968 11.10606 11.10606 11.18609 11.31574 11.37562 11.55227 11.66773 11.8095 11.88956 11.88956 12.03648 12.19374 12.383 12.43728 12.58605 12.54707 12.55998 12.55998 12.71818 12.68115 12.62426 12.60327 12.67556 12.86961
6.532869 6.708255 8.128409 8.430044 8.833188 8.833188 9.523171 9.863276 10.00445 10.27176 10.5141 11.00142 10.88509 10.88509 11.59878 11.76869 11.77321 11.90524 11.91102 12.65782 13.90929 13.90929 15.44004 16.86253 16.69621 17.4121 17.93848 16.75316 18.12763 18.12763 16.54844 11.35257 10.75988 11.5108 11.2939 11.20968 11.10606 11.10606 11.18609 11.31574 11.37562 11.55227 11.66773 11.8095 11.88956 11.88956 12.03648 12.19374 12.383 12.43728 12.58605 12.54707 12.55998 12.55998 12.71818 12.68115 12.62426 12.60327 12.67556 12.86961
