pykrige/tests/test_data/test3_dem.asc
ncols         339
nrows         340
xllcorner     1065525.734724
yllcorner     240087.45636954
cellsize      22.379654135142
NODATA_value  -9999
[rows 0 to 26 of 340, columns 60 to 119 of 339]
-9999 -9999 -9999 -9999 -9999 -9999 -9999 -9999 -9999 -9999 -9999 -9999 -9999 -9999 -9999 -9999 -9999 -9999 -9999 -9999 -9999 -9999 -9999 -9999 -9999 -9999 -9999 -9999 -9999 -9999 -9999 -9999 -9999 -9999 -9999 -9999 -9999 -9999 -9999 -9999 -9999 -9999 -9999 -9999 -9999 -9999 -9999 -9999 -9999 -9999 -9999 -9999 -9999 -9999 -9999 -9999 -9999 -9999 -9999 -9999
8.652206 8.333509 8.372695 8.372695 8.759114 9.000696 9.063429 9.102413 9.303089 9.742014 9.751081 9.751081 9.862247 9.956699 10.0241 10.14716 9.976148 9.893033 10.03108 10.03108 10.79431 10.67551 10.72485 10.73833 10.7667 10.82723 10.89082 10.89082 10.94813 11.06079 11.18918 11.37916 11.40777 11.64293 11.75927 11.75927 11.98141 12.14956 13.65405 15.57778 18.01594 16.98233 17.20171 17.20171 17.59923 17.92992 18.05876 18.05265 18.26476 18.19427 18.19427 18.22342 18.33906 17.87438 18.03836 17.84158 17.7954 19.98017 19.98017 23.30209
8.652206 8.333509 8.372695 8.372695 8.759114 9.000696 9.063429 9.102413 9.303089 9.742014 9.751081 9.751081 9.862247 9.956699 10.0241 10.14716 9.976148 9.893033 10.03108 10.03108 10.79431 10.67551 10.72485 10.73833 10.7667 10.82723 10.89082 10.89082 10.94813 11.06079 11.18918 11.37916 11.40777 11.64293 11.75927 11.75927 11.98141 12.14956 13.65405 15.57778 18.01594 16.98233 17.20171 17.20171 17.59923 17.92992 18.05876 18.05265 18.26476 18.19427 18.19427 18.22342 18.33906 17.87438 18.03836 17.84158 17.7954 19.98017 19.98017 23.30209
8.517854 8.217461 8.311511 8.311511 8.737141 8.947554 8.999784 9.365323 9.636559 9.593973 9.601019 9.601019 9.670619 9.705489 9.686573 9.684936 9.756603 10.12318 10.61948 10.61948 10.65054 10.69748 10.77931 10.98019 10.86412 10.71407 10.64622 10.64622 10.7603 10.86994 11.13328 11.142 11.2681 11.38938 11.56769 11.56769 11.73073 11.885 12.1085 13.47873 15.50181 17.9032 17.21021 17.21021 17.46146 17.74129 18.02636 17.97256 18.04448 18.25771 18.25771 18.13902 18.1145 17.89818 18.03261 18.10036 17.97012 19.30387 19.30387 21.94626
8.339072 8.178735 8.415283 8.415283 8.763247 8.913654 8.991835 9.330478 9.370336 9.44964 9.482569 9.482569 9.548058 9.440542 9.394367 9.493114 10.31654 10.72728 10.57579 10.57579 10.73427 10.82547 11.23739 11.61257 10.88614 10.9125 10.72492 10.72492 10.8126 10.76939 10.85354 10.90814 11.2186 11.21755 11.37242 11.37242 11.46777 11.75309 11.87494 12.06288 13.25668 15.44871 17.71848 17.71848 17.31356 17.76604 17.9259 18.08307 18.29712 18.18996 18.18996 18.00309 18.04272 17.98816 18.01926 18.14576 17.91687 19.33544 19.33544 20.49886
8.339072 8.178735 8.415283 8.415283 8.763247 8.913654 8.991835 9.330478 9.370336 9.44964 9.482569 9.482569 9.548058 9.440542 9.394367 9.493114 10.31654 10.72728 10.57579 10.57579 10.73427 10.82547 11.23739 11.61257 10.88614 10.9125 10.72492 10.72492 10.8126 10.76939 10.85354 10.90814 11.2186 11.21755 11.37242 11.37242 11.46777 11.75309 11.87494 12.06288 13.25668 15.44871 15.44871 17.71848 17.31356 17.76604 17.9259 18.08307 18.29712 18.18996 18.18996 18.00309 18.04272 17.98816 18.01926 18.14576 17.91687 19.33544 19.33544 20.49886
8.264273 8.065827 8.844164 8.844164 8.931828 8.922559 9.054506 9.134157 9.174747 9.104558 9.186935 9.186935 9.088243 9.159851 9.371386 10.56138 10.75605 10.79676 10.96618 10.96618 10.98405 11.69012 11.7944 11.8049 11.75384 10.98733 10.89365 10.89365 10.67311 10.67465 10.73811 10.94824 11.02082 11.09304 11.18604 11.18604 11.3006 11.47303 11.63846 11.79611 12.05945 13.0014 13.0014 15.40605 17.66671 17.35344 17.85222 17.96395 18.06618 18.03407 18.03407 17.96454 17.60804 17.78253 17.95767 17.95445 17.64824 18.58001 18.58001 20.29111
7.934219 7.923413 8.736122 8.736122 8.927917 8.862609 8.76798 8.844637 9.058398 8.944631 8.855512 8.855512 8.935939 9.633329 10.75659 10.78693 10.83108 11.12919 11.7357 11.7357 11.76243 11.75846 11.77742 11.79636 11.80421 11.81049 11.02531 11.02531 10.67056 10.58701 10.77284 10.68795 10.85866 11.09288 11.07333 11.07333 11.15314 11.28822 11.52888 11.59169 11.759 11.97332 11.97332 13.35153 15.39945 16.24522 17.0859 17.40627 17.7476 17.94293 17.94293 17.71941 17.21996 17.77089 17.62797 17.51096 17.51073 18.0782 18.0782 19.11368
7.934219 7.923413 8.736122 8.736122 8.927917 8.862609 8.76798 8.844637 9.058398 8.944631 8.855512 8.855512 8.935939 9.633329 10.75659 10.78693 10.83108 11.12919 11.7357 11.7357 11.76243 11.75846 11.77742 11.79636 11.80421 11.81049 11.02531 11.02531 10.67056 10.58701 10.77284 10.68795 10.85866 11.09288 11.07333 11.07333 11.15314 11.28822 11.52888 11.59169 11.759 11.97332 11.97332 13.35153 15.39945 16.24522 17.0859 17.40627 17.7476 17.94293 17.94293 17.71941 17.21996 17.77089 17.62797 17.51096 17.51073 18.0782 18.0782 19.11368
8.131208 8.174177 8.45994 8.45994 8.723293 8.747662 8.723754 8.733392 8.647533 8.655665 8.851145 8.851145 10.18531 10.76089 10.91193 10.88757 11.43244 11.76745 11.83783 11.83783 11.75921 11.75948 11.76224 11.70159 11.59268 11.41411 10.90901 10.90901 10.53375 10.62942 10.67488 10.69164 10.90764 10.79134 10.79134 10.92544 11.04913 11.14179 11.29087 11.39933 11.69783 11.78264 11.78264 11.9936 13.46764 15.67823 15.85393 17.16394 17.41946 17.26644 17.26644 17.63859 17.17282 16.1777 17.29683 16.93059 17.18762 17.53982 17.53982 17.87087
8.241793 8.319627 8.555957 8.555957 8.594733 8.490986 8.390275 8.284661 8.434412 8.964018 10.7376 10.7376 10.80579 10.99021 11.08694 11.77051 11.84344 11.92665 11.92099 11.92099 11.72159 11.76034 11.73253 11.63509 11.498 11.34728 11.15621 11.15621 11.09745 11.31422 10.93614 10.86879 10.7221 10.61846 10.61846 10.86445 10.88763 11.0301 11.15428 11.36029 11.47714 11.65555 11.65555 11.89386 13.13816 14.52228 14.70925 14.89811 15.56004 16.77719 16.77719 15.89776 15.63647 15.62192 16.115 16.55911 16.97323 16.30376 16.30376 17.39052
8.241793 8.319627 8.555957 8.555957 8.594733 8.490986 8.390275 8.284661 8.434412 8.964018 10.7376 10.7376 10.80579 10.99021 11.08694 11.77051 11.84344 11.92665 11.92099 11.92099 11.72159 11.76034 11.73253 11.63509 11.498 11.34728 11.15621 11.15621 11.09745 11.31422 10.93614 10.86879 10.7221 10.61846 10.61846 10.86445 10.88763 11.0301 11.15428 11.36029 11.47714 11.65555 11.65555 11.89386 13.13816 14.52228 14.70925 14.89811 15.56004 16.77719 16.77719 15.89776 15.63647 15.62192 16.115 16.55911 16.97323 16.30376 16.30376 17.39052
8.209042 8.372401 8.422651 8.422651 8.258512 8.092831 7.894194 8.08357 9.545436 10.85452 10.77769 10.77769 10.9351 11.41715 11.75351 11.86627 11.9898 11.8768 11.90176 11.90176 11.95271 11.80997 11.7618 11.65475 11.57214 11.50984 11.50984 11.47918 11.55745 11.7361 11.69742 11.05439 10.95856 10.718 10.718 10.76142 10.64575 10.88787 11.00441 11.22772 11.37112 11.90077 11.90077 13.34698 13.93547 14.10755 14.32104 14.47691 14.39952 14.55679 14.55679 14.73583 14.76774 15.4766 15.80004 16.32777 15.97777 14.86738 14.86738 15.10198
8.144597 8.058033 8.019279 8.019279 7.931619 7.928093 8.158972 9.885902 10.66775 10.83751 10.8506 10.8506 10.85781 11.47775 11.72053 11.9038 12.00697 11.70898 11.81629 11.81629 11.94279 11.95768 11.90431 11.75648 11.71821 11.70383 11.70383 11.7258 11.77968 11.84222 11.87765 11.81493 11.02131 10.92519 10.92519 10.7398 10.77454 10.81012 11.02233 11.13038 12.06428 13.16245 13.16245 13.91316 14.10861 13.84095 13.84429 13.78896 14.0677 14.48509 14.48509 14.27264 14.75846 15.45862 15.84544 14.16673 14.0419 13.89923 13.89923 13.78432
8.144597 8.058033 8.019279 8.019279 7.931619 7.928093 8.158972 9.885902 10.66775 10.83751 10.8506 10.8506 10.85781 11.47775 11.72053 11.9038 12.00697 11.70898 11.81629 11.81629 11.94279 11.95768 11.90431 11.75648 11.71821 11.70383 11.70383 11.7258 11.77968 11.84222 11.87765 11.81493 11.02131 10.92519 10.92519 10.7398 10.77454 10.81012 11.02233 11.13038 12.06428 13.16245 13.16245 13.91316 14.10861 13.84095 13.84429 13.78896 14.0677 14.48509 14.48509 14.27264 14.75846 15.45862 15.84544 14.16673 14.0419 13.89923 13.89923 13.78432
8.051264 8.071523 8.134753 8.134753 8.329496 9.302611 10.33013 10.56081 10.53438 10.50448 10.73407 10.73407 10.74069 10.71955 10.90443 12.01846 11.81833 11.83654 11.85705 11.85705 11.94652 11.94132 11.79642 11.8465 11.85926 11.86341 11.86341 11.86546 11.85896 11.83383 11.79307 11.73125 11.77632 11.17591 11.17591 10.89257 10.68545 10.84045 11.15614 11.81264 11.87861 13.22613 13.22613 14.05645 13.62403 13.41193 13.38612 13.33784 13.64219 13.82504 13.82504 13.80594 13.57904 13.06126 12.82153 12.93468 12.91875 13.11143 13.11143 12.57615
8.103399 8.529374 9.064649 9.064649 10.09305 10.50522 10.47581 10.48004 10.54324 10.57242 10.4231 10.4231 10.68006 10.61954 10.72165 10.87555 12.05022 11.75923 11.75923 11.85619 11.76169 11.76306 11.81312 11.85208 11.88906 11.91618 11.91618 11.91457 11.88217 11.81024 11.70197 11.53545 11.65998 11.69921 11.69921 11.387 10.75474 10.6643 11.66037 11.69371 12.42568 13.87104 13.87104 13.92278 13.29094 13.01787 13.08527 13.19144 13.3771 13.83897 13.83897 13.87634 14.41818 13.56703 12.3392 12.21788 12.14772 12.19113 12.19113 12.21114
8.103399 8.529374 9.064649 9.064649 10.09305 10.50522 10.47581 10.48004 10.54324 10.57242 10.4231 10.4231 10.68006 10.61954 10.72165 10.87555 12.05022 11.75923 11.75923 11.85619 11.76169 11.76306 11.81312 11.85208 11.88906 11.91618 11.91618 11.91457 11.88217 11.81024 11.70197 11.53545 11.65998 11.69921 11.69921 11.387 10.75474 10.6643 11.66037 11.69371 12.42568 13.87104 13.87104 13.92278 13.29094 13.01787 13.08527 13.19144 13.3771 13.83897 13.83897 13.87634 14.41818 13.56703 12.3392 12.21788 12.14772 12.19113 12.19113 12.21114
8.321839 9.244087 10.36492 10.36492 10.34616 10.37036 10.36959 10.46807 10.46733 10.40929 10.55765 10.55765 10.3527 10.60942 10.65367 10.68629 10.76836 12.04319 12.04319 11.75851 11.84747 11.81528 11.84152 11.86972 11.90222 11.93913 11.93913 11.95748 11.925 11.79366 11.56187 11.21722 11.00716 10.96122 10.96122 11.02694 10.62651 10.94144 11.86384 11.74528 13.14188 13.69463 13.69463 13.1625 12.71936 12.74045 12.89581 12.86705 13.78703 13.63337 13.63337 13.86566 13.78803 11.92709 11.21822 11.13434 11.42999 11.98339 11.98339 12.03513
8.522764 10.43708 10.06261 10.06261 10.10774 10.26088 10.29641 10.35324 10.27052 10.29663 10.56209 10.56209 10.17806 10.25945 10.35757 10.54083 10.74845 10.86035 10.86035 11.37083 11.74882 11.83081 11.87149 11.89073 11.90865 11.93022 11.93022 11.95359 11.79252 11.70632 11.68393 11.03154 10.83286 10.73192 10.73192 10.70932 11.33621 11.84375 11.83715 12.5172 13.7029 13.20655 13.20655 12.53704 12.57645 12.64523 12.81031 13.70882 13.46564 13.1237 13.1237 13.80186 13.05798 11.19857 10.82066 10.58948 10.761 11.85276 11.85276 12.60041
8.522764 10.43708 10.06261 10.06261 10.10774 10.26088 10.29641 10.35324 10.27052 10.29663 10.29663 10.56209 10.17806 10.25945 10.35757 10.54083 10.74845 10.86035 10.86035 11.37083 11.74882 11.83081 11.87149 11.89073 11.90865 11.93022 11.93022 11.95359 11.79252 11.70632 11.68393 11.03154 10.83286 10.73192 10.73192 10.70932 11.33621 11.84375 11.83715 12.5172 13.7029 13.20655 13.20655 12.53704 12.57645 12.64523 12.81031 13.70882 13.46564 13.1237 13.1237 13.80186 13.05798 11.19857 10.82066 10.58948 10.761 11.85276 11.85276 12.60041
9.269427 10.06239 9.776414 9.776414 9.749284 9.905341 10.01077 10.23519 10.81636 10.05831 10.05831 10.53489 10.20466 10.09346 10.56376 11.08071 10.60955 10.65357 10.65357 10.86378 10.89961 11.9632 11.9111 11.91363 11.93203 11.93591 11.93591 11.8985 12.06381 11.91562 11.71627 11.30743 10.69006 10.70957 10.70957 11.86694 11.89923 12.47014 12.49731 13.22038 12.70863 12.23753 12.23753 12.35724 12.45297 12.60348 13.5513 13.47232 13.27286 13.03731 13.03731 13.53135 14.00209 11.06725 10.46795 10.78723 10.95187 11.94768 11.94768 12.481
9.764206 9.995278 9.780445 9.780445 9.428928 9.277016 9.678835 9.972593 10.22861 10.00349 10.00349 9.90561 9.690372 9.995759 10.11832 10.03586 10.15205 11.23654 11.23654 10.60706 10.8237 10.87859 12.14964 11.82085 11.89349 11.64392 11.64392 11.87901 11.78566 11.73063 11.0295 10.61937 10.60267 10.73942 10.73942 11.97169 12.88124 13.70652 13.82577 13.58851 12.27761 12.02694 12.02694 12.33764 12.57506 13.37882 13.17395 12.691 12.81112 12.77818 12.77818 12.79538 14.63063 11.46029 10.22021 10.58654 10.93738 11.79501 11.79501 12.527
9.764206 9.995278 9.780445 9.780445 9.428928 9.277016 9.678835 9.972593 10.22861 10.00349 10.00349 9.90561 9.690372 9.995759 10.11832 10.03586 10.15205 11.23654 11.23654 10.60706 10.8237 10.87859 12.14964 11.82085 11.89349 11.64392 11.64392 11.87901 11.78566 11.73063 11.0295 10.61937 10.60267 10.73942 10.73942 11.97169 12.88124 13.70652 13.82577 13.58851 12.27761 12.02694 12.02694 12.33764 12.57506 13.37882 13.17395 12.691 12.81112 12.77818 12.77818 12.79538 14.63063 11.46029 10.22021 10.58654 10.93738 11.79501 11.79501 12.527
9.989828 9.924004 9.924004 9.669156 9.33837 8.913112 9.115044 9.498118 9.821136 9.99144 9.99144 10.13883 10.34341 10.30468 10.15593 10.03747 9.958104 9.964297 9.964297 11.09772 10.51433 10.76531 10.87682 11.93271 11.77672 11.75058 11.75058 11.71869 11.43896 10.69284 10.48335 10.51084 10.6851 12.13628 12.13628 13.71349 13.72003 13.83757 13.88407 13.9183 13.8551 13.42691 13.42691 13.23929 13.27101 13.02474 12.59309 12.45166 12.51603 12.52208 12.52208 12.67118 13.931 12.18889 10.06938 10.59207 10.92834 11.74271 11.74271 12.72855
10.04808 9.846767 9.846767 9.64811 9.43739 9.166189 9.187298 9.646612 9.972239 9.782813 9.782813 9.943733 10.19535 10.27344 10.10677 10.00194 9.968588 10.02832 10.02832 10.18405 10.88125 10.58721 10.78478 10.90886 11.45608 11.63481 11.63481 11.12049 10.59722 10.6251 10.36723 10.69759 12.36006 13.46575 13.46575 13.4688 13.43187 13.75593 13.92454 13.8596 13.75156 13.43732 13.43732 13.23634 13.10459 12.64579 12.61077 12.31978 12.22795 12.38497 12.38497 13.37546 13.33851 12.15794 9.935777 10.13946 11.19347 12.05547 12.05547 12.84643
10.04808 9.846767 9.846767 9.64811 9.43739 9.166189 9.187298 9.646612 9.972239 9.782813 9.782813 9.943733 10.19535 10.27344 10.10677 10.00194 9.968588 10.02832 10.02832 10.18405 10.88125 10.58721 10.78478 10.90886 11.45608 11.63481 11.63481 11.12049 10.59722 10.6251 10.36723 10.69759 12.36006 13.46575 13.46575 13.4688 13.43187 13.75593 13.92454 13.8596 13.75156 13.43732 13.43732 13.23634 13.10459 12.64579 12.61077 12.31978 12.22795 12.38497 12.38497 13.37546 13.33851 12.15794 9.935777 10.13946 11.19347 12.05547 12.05547 12.84643
