pykrige/tests/test_data/test3_dem.asc
ncols         339
nrows         340
xllcorner     1065525.734724
yllcorner     240087.45636954
cellsize      22.379654135142
NODATA_value  -9999
[rows 81 to 107 of 340, columns 0 to 59 of 339]
-9999 3.04617 3.219477 3.331562 3.166643 3.209586 3.209586 3.049976 3.198342 3.358822 3.44805 3.576331 3.662878 3.75674 3.75674 3.82545 3.937029 4.042094 4.22107 4.518433 4.50424 4.458879 4.458879 4.404433 4.3406 4.267349 4.216944 4.337716 4.219373 4.185861 4.185861 4.221173 4.194262 4.306058 4.38358 4.500257 4.809936 4.809936 4.900112 4.801687 5.078574 6.217861 6.455557 6.570991 6.694437 6.694437 6.706587 6.705775 6.732693 6.924015 7.175197 7.3799 7.686469 7.686469 7.713041 7.993098 8.291069 8.252108 8.223986 8.210224
-9999 3.04617 3.219477 3.331562 3.166643 3.209586 3.209586 3.049976 3.198342 3.358822 3.44805 3.576331 3.662878 3.75674 3.75674 3.82545 3.937029 4.042094 4.22107 4.518433 4.50424 4.458879 4.458879 4.404433 4.3406 4.267349 4.216944 4.337716 4.219373 4.219373 4.185861 4.221173 4.194262 4.306058 4.38358 4.500257 4.809936 4.809936 4.900112 4.801687 5.078574 6.217861 6.455557 6.570991 6.694437 6.694437 6.706587 6.705775 6.732693 6.924015 7.175197 7.3799 7.686469 7.686469 7.713041 7.993098 8.291069 8.252108 8.223986 8.210224
-9999 2.939465 3.156262 3.126448 3.275792 3.149048 3.149048 3.193994 3.060949 3.108339 3.243332 3.407961 3.540179 3.632074 3.632074 3.688452 3.824933 3.866488 4.087524 4.284506 4.458546 4.406353 4.406353 4.331159 4.231266 4.06799 3.910198 4.115634 4.074926 4.074926 4.064818 4.171997 4.17931 4.527211 4.637333 5.056623 5.039449 5.039449 5.008467 4.972706 4.859478 5.026189 6.546956 6.422424 6.456653 6.456653 6.447317 6.336846 6.317049 6.526032 6.674608 7.005873 7.209028 7.209028 7.36756 7.700303 7.935191 8.074469 8.185118 8.258017
-9999 3.226036 3.179425 3.186795 3.079245 3.183726 3.183726 3.184667 3.121462 3.005342 3.108599 3.347488 3.446163 3.552114 3.552114 3.622877 3.759855 3.843065 3.929947 3.992918 4.106961 4.334302 4.334302 4.384837 4.445906 4.23113 4.018188 3.955172 4.039695 4.039695 4.082737 4.196822 4.425124 4.838901 4.995241 5.096956 5.097179 5.097179 5.108565 5.14396 5.23341 4.964792 5.123453 6.050773 5.881805 5.881805 5.602839 5.774001 5.973061 6.367078 6.710672 6.595137 6.63048 6.63048 7.110004 7.419452 7.668182 7.869577 8.039818 8.186357
-9999 3.226036 3.179425 3.186795 3.079245 3.183726 3.183726 3.184667 3.121462 3.005342 3.108599 3.347488 3.446163 3.552114 3.552114 3.622877 3.759855 3.843065 3.929947 3.992918 4.106961 4.334302 4.334302 4.384837 4.445906 4.23113 4.018188 3.955172 4.039695 4.039695 4.082737 4.196822 4.425124 4.838901 4.995241 5.096956 5.097179 5.097179 5.108565 5.14396 5.23341 4.964792 5.123453 6.050773 5.881805 5.881805 5.602839 5.774001 5.973061 6.367078 6.710672 6.595137 6.63048 6.63048 7.110004 7.419452 7.668182 7.869577 8.039818 8.186357
-9999 3.623558 3.504423 3.305476 3.163824 3.078547 3.078547 3.102292 3.175121 3.003072 3.054948 3.12476 3.343846 3.524837 3.524837 3.678625 3.631973 3.578831 3.710372 3.713954 3.742009 3.742009 3.829564 3.827364 3.754642 3.89568 3.915407 4.071802 4.203671 4.203671 4.391218 4.553949 4.519026 4.797475 4.887429 4.991998 5.054049 5.054049 5.098863 5.132733 5.159012 5.146504 5.100687 5.164723 5.119875 5.119875 5.33168 5.401744 5.843271 6.009472 6.24439 6.603461 6.788961 6.788961 7.059282 7.342694 7.597899 7.81778 8.008193 8.169385
-9999 3.630682 3.756361 3.722778 3.365053 3.134862 3.134862 3.065539 3.006007 3.116953 2.932483 3.057483 3.17359 3.284381 3.284381 3.417551 3.40838 3.442733 3.510852 3.559875 3.502673 3.502673 3.545738 3.677809 3.749212 3.95221 3.965786 4.327735 4.404097 4.404097 4.488981 4.660888 4.82863 4.703831 4.767346 4.901412 5.010603 5.010603 5.072556 5.082318 5.131629 5.199291 5.01343 5.061314 4.9751 4.9751 5.323883 5.480922 5.528215 5.498038 5.515648 6.345628 6.729722 6.729722 7.043299 7.334441 7.59587 7.827157 8.028835 8.202808
-9999 3.630682 3.756361 3.722778 3.365053 3.134862 3.134862 3.065539 3.006007 3.116953 2.932483 3.057483 3.17359 3.284381 3.284381 3.417551 3.40838 3.442733 3.510852 3.559875 3.502673 3.502673 3.545738 3.677809 3.749212 3.95221 3.965786 4.327735 4.404097 4.404097 4.488981 4.660888 4.82863 4.703831 4.767346 4.901412 5.010603 5.010603 5.072556 5.082318 5.131629 5.199291 5.01343 5.061314 4.9751 4.9751 5.323883 5.480922 5.528215 5.498038 5.515648 6.345628 6.729722 6.729722 7.043299 7.334441 7.59587 7.827157 8.028835 8.202808
-9999 3.652395 3.474261 3.291386 3.200223 3.166833 3.166833 3.32491 3.092325 2.948729 3.101071 2.975344 3.074011 3.082461 3.082461 3.092986 3.171278 3.255402 3.309529 3.314749 3.44986 3.44986 3.63424 3.613599 3.719907 3.766572 3.72406 3.8618 4.122273 4.122273 4.691355 4.748963 4.789114 4.897338 4.807209 4.81085 5.054922 5.054922 5.050248 5.090809 4.924604 4.971798 4.968072 5.094584 5.334871 5.334871 5.471039 5.580175 5.521427 5.495012 5.861482 6.412422 6.796898 6.796898 7.113373 7.395957 7.651972 7.885641 8.091825 8.275393
-9999 3.499604 3.309445 3.18315 3.254351 3.451553 3.451553 3.4812 3.392363 3.079366 2.856847 3.057513 2.958205 2.958205 2.931044 2.842145 3.013445 3.034045 3.208942 3.24748 3.535843 3.535843 3.592818 3.68512 3.719425 3.508626 3.646476 3.757053 3.734426 3.734426 3.74838 4.65419 4.688622 4.701508 4.77322 4.868455 4.726522 4.726522 4.796467 4.847423 4.899162 4.948005 5.239484 5.410352 5.569291 5.569291 5.684672 5.746727 5.712205 5.697498 6.121311 6.577854 6.944878 6.944878 7.254545 7.525384 7.769128 7.993106 8.198863 8.383749
-9999 3.499604 3.309445 3.18315 3.254351 3.451553 3.451553 3.4812 3.392363 3.079366 2.856847 3.057513 2.958205 2.958205 2.931044 2.842145 3.013445 3.034045 3.208942 3.24748 3.535843 3.535843 3.592818 3.68512 3.719425 3.508626 3.646476 3.757053 3.734426 3.734426 3.74838 4.65419 4.688622 4.701508 4.77322 4.868455 4.726522 4.726522 4.796467 4.847423 4.899162 4.948005 5.239484 5.410352 5.569291 5.569291 5.684672 5.746727 5.712205 5.697498 6.121311 6.577854 6.944878 6.944878 7.254545 7.525384 7.769128 7.993106 8.198863 8.383749
-9999 3.200629 3.221905 3.402898 3.535119 3.639651 3.639651 3.543403 3.280422 3.118251 3.022242 2.816468 2.934752 2.934752 2.912142 2.835699 2.864014 3.026939 3.147861 3.456754 3.573459 3.573459 3.608604 3.638461 3.483181 3.683286 3.716466 3.740566 3.784485 3.784485 3.885841 3.944787 4.4542 4.485724 4.533815 4.676151 4.804407 4.804407 4.718167 4.880178 4.953467 5.071814 5.496369 5.663144 5.769935 5.769935 5.836752 5.888792 5.934757 6.104015 6.409803 6.80501 7.150882 7.150882 7.441091 7.696014 7.928696 8.139485 8.337261 8.516618
-9999 3.137554 3.403458 3.495972 3.594521 3.516997 3.516997 3.479344 3.302071 3.41631 3.338236 3.152681 2.824575 2.824575 2.830296 2.904371 2.798852 3.090108 3.313791 3.519565 3.44948 3.44948 3.397157 3.337128 3.141652 3.121826 3.618638 3.695112 3.773371 3.773371 3.85324 3.882389 4.019876 4.283615 4.474989 4.566444 4.852551 4.852551 4.885247 4.971394 5.16674 5.438664 5.490707 5.606256 5.684177 5.684177 5.957266 6.100718 6.245306 6.475163 6.761948 7.083359 7.415008 7.415008 7.682391 7.908393 8.111489 8.306826 8.491425 8.660248
-9999 3.137554 3.403458 3.495972 3.594521 3.594521 3.516997 3.479344 3.302071 3.41631 3.338236 3.152681 2.824575 2.824575 2.830296 2.904371 2.798852 3.090108 3.313791 3.519565 3.44948 3.44948 3.397157 3.337128 3.141652 3.121826 3.618638 3.695112 3.773371 3.773371 3.85324 3.882389 4.019876 4.283615 4.474989 4.566444 4.852551 4.852551 4.885247 4.971394 5.16674 5.438664 5.490707 5.606256 5.684177 5.684177 5.957266 6.100718 6.245306 6.475163 6.761948 7.083359 7.415008 7.415008 7.682391 7.908393 8.111489 8.306826 8.491425 8.660248
-9999 3.240687 3.374813 3.525337 3.511362 3.511362 3.549423 3.490294 3.623941 3.63073 3.441706 3.280917 2.931696 2.931696 2.853331 2.756486 2.898376 2.868846 3.137445 3.339422 3.327226 3.327226 3.244555 3.014112 2.842209 2.978184 3.220203 3.387956 3.547209 3.547209 3.375595 3.682744 3.823448 4.213837 4.466649 4.699831 4.80536 4.80536 4.965421 5.151408 5.4146 5.54083 5.625488 5.679337 5.819965 5.819965 6.039297 6.255225 6.548987 6.830906 7.140049 7.434863 7.707806 7.707806 7.989002 8.161899 8.323358 8.488755 8.653375 8.811551
-9999 2.683093 3.272298 3.48079 3.489609 3.489609 3.715824 3.690303 3.448693 3.333529 3.063067 2.823841 2.790456 2.790456 2.838051 2.819568 2.684827 2.844303 2.926746 3.131856 3.308589 3.308589 3.296753 2.972563 2.865113 3.013496 3.209449 3.089749 3.126435 3.126435 3.199097 3.528305 3.853148 4.173113 4.48178 4.656693 4.905753 4.905753 5.399189 5.596742 5.613121 5.712958 5.826363 5.806749 5.986613 5.986613 6.16802 6.37786 6.579545 6.94268 7.377085 7.750848 7.984253 7.984253 8.035537 8.286002 8.40631 8.529955 8.693737 8.956066
-9999 2.683093 3.272298 3.48079 3.489609 3.489609 3.715824 3.690303 3.448693 3.333529 3.063067 2.823841 2.790456 2.790456 2.838051 2.819568 2.684827 2.844303 2.926746 3.131856 3.308589 3.308589 3.296753 2.972563 2.865113 3.013496 3.209449 3.089749 3.126435 3.126435 3.199097 3.528305 3.853148 4.173113 4.48178 4.656693 4.905753 4.905753 5.399189 5.596742 5.613121 5.712958 5.826363 5.806749 5.986613 5.986613 6.16802 6.37786 6.579545 6.94268 7.377085 7.750848 7.984253 7.984253 8.035537 8.286002 8.40631 8.529955 8.693737 8.956066
-9999 1.702838 2.325516 3.218404 3.437392 3.437392 3.708215 3.436273 3.170082 2.798066 2.659505 2.734076 2.862757 2.862757 2.899638 2.855394 2.858304 2.626164 2.776507 2.995099 3.096608 3.096608 3.285058 3.097671 2.888988 2.832549 2.916772 2.957227 3.142415 3.142415 3.370475 3.573819 3.834855 4.136971 4.395632 4.637251 4.928645 4.928645 5.518794 5.545675 5.634973 5.719093 5.532679 5.496212 5.860165 5.860165 7.821497 9.70417 8.843992 7.578375 7.566892 7.850755 7.861049 7.861049 7.848702 7.93994 8.093534 8.326177 8.666086 8.867748
-9999 1.410406 1.763777 2.255321 2.976719 2.976719 3.080162 2.989031 2.567492 2.540018 2.649291 2.823178 2.879419 2.879419 2.8594 2.834343 2.816968 2.869007 2.598706 2.714514 3.008135 3.008135 3.101477 2.952322 2.836341 2.753015 2.819968 3.067605 3.218909 3.218909 3.447749 3.619061 3.828248 4.010036 4.267655 4.618104 5.157423 5.157423 5.300406 5.439627 5.552225 5.598571 5.467838 5.575008 6.675323 6.675323 9.086395 9.907097 9.927659 10.41984 10.00081 8.352949 7.903336 7.903336 7.888947 7.980936 8.132373 8.304134 8.608572 8.707122
-9999 1.410406 1.763777 2.255321 2.976719 2.976719 3.080162 2.989031 2.567492 2.540018 2.649291 2.823178 2.879419 2.879419 2.8594 2.834343 2.816968 2.869007 2.598706 2.714514 3.008135 3.008135 3.101477 2.952322 2.836341 2.753015 2.819968 3.067605 3.218909 3.218909 3.447749 3.619061 3.828248 4.010036 4.267655 4.618104 5.157423 5.157423 5.300406 5.439627 5.552225 5.598571 5.467838 5.575008 6.675323 6.675323 9.086395 9.907097 9.927659 10.41984 10.00081 8.352949 7.903336 7.903336 7.888947 7.980936 8.132373 8.304134 8.608572 8.707122
-9999 1.03379 1.375429 0.3856973 3.49456e-017 3.49456e-017 2.324551 2.468291 2.407466 2.460757 2.707947 2.824735 2.844393 2.844393 2.833841 2.826456 2.830493 2.879068 2.852304 2.594738 2.647514 2.647514 2.779281 2.832573 2.899726 2.83176 2.878924 3.008878 3.156212 3.156212 3.367405 3.52819 3.64488 3.77785 4.135926 4.538309 4.793414 4.793414 5.05133 5.272782 5.522223 5.496718 5.466277 5.81443 8.924494 8.924494 9.596758 9.468766 9.330236 9.559412 10.24382 10.86766 10.97832 10.97832 9.15056 8.155458 8.199884 8.298924 8.521562 8.738303
-9999 0.8093035 2.964889e-017 1.175494e-038 2.585637e-035 2.585637e-035 1.487448 2.35051 2.417477 2.624575 2.708433 2.783156 2.817607 2.817607 2.812674 2.797692 2.810219 2.860575 2.874541 2.78763 2.480994 2.480994 2.629029 2.74645 2.962959 2.864985 2.879545 2.974418 3.128381 3.128381 3.179884 3.301663 3.400379 3.574872 3.771413 3.916167 4.138646 4.138646 4.420436 4.977691 5.266339 5.426687 5.631001 7.718625 8.653045 8.653045 9.179715 9.053965 10.09865 9.632286 10.97949 10.92082 11.00584 11.00584 11.82644 12.91906 12.94583 12.96912 10.72232 9.50763
-9999 0.8093035 2.964889e-017 1.175494e-038 2.585637e-035 2.585637e-035 1.487448 2.35051 2.417477 2.624575 2.708433 2.783156 2.817607 2.817607 2.812674 2.797692 2.810219 2.860575 2.874541 2.78763 2.480994 2.480994 2.629029 2.74645 2.962959 2.864985 2.879545 2.974418 3.128381 3.128381 3.179884 3.301663 3.400379 3.574872 3.771413 3.916167 4.138646 4.138646 4.420436 4.977691 5.266339 5.426687 5.631001 7.718625 8.653045 8.653045 9.179715 9.053965 10.09865 9.632286 10.97949 10.92082 11.00584 11.00584 11.82644 12.91906 12.94583 12.96912 10.72232 9.50763
-9999 1.175494e-038 1.175494e-038 1.380366e-017 0.9811636 0.9811636 1.773255 2.444158 2.402801 2.662307 2.727218 2.749401 2.772523 2.772523 2.782593 2.720144 2.74877 2.784624 2.694394 2.679121 2.938632 2.938632 2.450542 2.594182 2.71921 2.892298 2.86776 2.961345 2.975419 2.975419 3.016147 3.096506 3.152786 3.236249 3.140069 3.321822 3.685749 3.685749 3.824037 4.066775 4.700898 5.058243 5.525784 7.89213 8.270304 8.270304 8.451625 9.711368 11.30213 11.14746 10.87135 10.84914 11.19248 11.19248 12.91542 13.10175 16.19941 17.75832 17.17833 15.49849
-9999 1.175494e-038 0.8639592 0.7157933 0.781998 0.781998 1.474998 2.387904 2.443326 2.411734 2.481749 2.570934 2.619736 2.619736 2.658098 2.651705 2.626241 2.540561 2.606796 3.319975 3.412627 3.412627 3.017176 2.364127 2.560616 2.663306 2.863361 2.855751 2.799088 2.799088 2.796136 2.790663 2.87845 2.772794 2.699817 2.648588 2.881742 2.881742 2.880651 3.057042 3.580502 4.050838 4.645317 5.926132 7.231241 7.231241 7.757605 10.3944 11.45557 10.84413 10.7458 10.73748 12.35279 12.35279 12.63528 12.8646 14.45604 15.75228 16.7043 18.45369
-9999 1.175494e-038 0.8639592 0.7157933 0.781998 0.781998 1.474998 2.387904 2.443326 2.411734 2.481749 2.570934 2.619736 2.619736 2.658098 2.651705 2.626241 2.540561 2.606796 3.319975 3.412627 3.412627 3.017176 2.364127 2.560616 2.663306 2.863361 2.855751 2.799088 2.799088 2.796136 2.790663 2.87845 2.772794 2.699817 2.648588 2.881742 2.881742 2.880651 3.057042 3.580502 4.050838 4.645317 5.926132 7.231241 7.231241 7.757605 10.3944 11.45557 10.84413 10.7458 10.73748 12.35279 12.35279 12.63528 12.8646 14.45604 15.75228 16.7043 18.45369
-9999 1.175494e-038 8.841736e-036 0.6204769 2.178589 2.178589 2.157984 2.192701 2.35558 2.299696 2.489046 2.490639 2.548241 2.548241 2.612562 2.407058 2.42947 2.807435 3.232019 3.177541 3.141049 3.141049 2.88731 2.476396 2.341259 2.537327 2.707763 2.712279 2.65898 2.65898 2.620939 2.551408 2.391428 2.427438 2.403788 2.500259 2.808961 2.808961 2.938857 2.932877 3.11781 3.26699 4.382402 5.292563 5.871093 5.871093 6.448841 8.614164 10.52672 10.7835 10.49135 11.20404 11.90846 11.90846 12.29043 12.38499 14.61768 15.48953 16.10701 17.01144
