pykrige/tests/test_data/test3_dem.asc
ncols         339
nrows         340
xllcorner     1065525.734724
yllcorner     240087.45636954
cellsize      22.379654135142
NODATA_value  -9999
[rows 162 to 188 of 340, columns 180 to 239 of 339]
20.44133 21.13657 24.08307 26.62059 30.47272 31.05583 31.05583 31.29455 31.34922 30.96255 31.00042 31.60137 32.33427 32.47994 32.47994 33.14468 33.54165 33.63283 33.89331 33.55957 33.54093 33.54093 33.89422 33.55399 34.3545 34.50444 34.58533 34.54036 33.93421 33.93421 32.32069 31.98036 32.09715 33.13823 33.31334 33.21041 33.13157 33.13157 32.42814 32.45665 32.4015 32.44067 32.29081 31.76955 31.81044 31.81044 32.48906 33.18251 33.24845 33.44961 34.04018 34.44909 34.43666 34.43666 34.44808 34.27922 33.72917 33.62296 34.12421 34.93354
20.44133 21.13657 24.08307 26.62059 30.47272 31.05583 31.05583 31.29455 31.34922 30.96255 31.00042 31.60137 32.33427 32.47994 32.47994 33.14468 33.54165 33.63283 33.89331 33.55957 33.54093 33.54093 33.89422 33.55399 34.3545 34.50444 34.58533 34.54036 33.93421 33.93421 32.32069 31.98036 32.09715 32.63699 32.43218 31.9848 32.03278 32.03278 32.08821 32.2701 32.36596 32.43238 32.41779 31.80479 31.71503 31.71503 32.17081 33.1712 33.44136 33.47815 33.51738 34.27629 34.08437 34.08437 34.02512 33.97019 33.67913 33.22491 33.16731 34.19035
20.62304 21.02944 22.66493 25.67183 29.91637 30.97357 30.97357 31.42096 31.61953 31.26311 31.27141 32.02859 32.52016 32.89098 32.89098 33.09831 33.67773 33.85179 33.97496 33.82093 33.80223 33.80223 33.88598 34.05019 34.13803 34.10232 34.36684 34.51677 32.82579 32.82579 31.86493 31.15735 31.02879 32.63699 32.43218 31.9848 32.03278 32.03278 32.08821 32.2701 32.36596 32.43238 32.41779 31.80479 31.71503 31.71503 32.17081 33.1712 33.44136 33.47815 33.51738 34.27629 34.08437 34.08437 34.02512 33.97019 33.67913 33.22491 33.16731 34.19035
21.70435 21.64107 22.31775 23.55315 28.49056 31.35009 31.35009 31.75393 31.64698 31.49554 31.49016 31.93972 32.54999 32.82412 32.82412 33.07192 33.78147 33.80973 33.85483 33.82316 33.79743 33.79743 33.87931 34.02985 34.04047 33.95912 34.08763 32.82009 32.32381 32.32381 32.21215 30.64845 30.25572 30.82174 31.78718 32.13567 32.13861 32.13861 32.07534 32.30221 32.35669 32.4085 32.46364 32.18924 31.61798 31.61798 31.59624 32.83773 33.30109 33.40093 33.49369 33.89127 33.88207 33.88207 33.96212 34.0496 33.87174 32.75581 32.52317 32.89451
21.70435 21.64107 22.31775 23.55315 28.49056 31.35009 31.35009 31.75393 31.64698 31.49554 31.49016 31.93972 32.54999 32.54999 32.82412 33.07192 33.78147 33.80973 33.85483 33.82316 33.79743 33.79743 33.87931 34.02985 34.04047 33.95912 34.08763 32.82009 32.32381 32.32381 32.21215 30.64845 30.25572 30.82174 31.78718 32.13567 32.13861 32.13861 31.43501 31.91683 32.37391 32.4455 32.48314 32.26521 31.56716 31.56716 31.43961 32.0013 33.20904 33.36541 33.2089 33.39619 33.42351 33.42351 33.39403 33.33901 33.11687 32.30386 31.68587 31.4695
22.28522 22.81825 23.1323 23.6021 26.83188 31.19992 31.19992 31.47997 31.55161 31.65491 31.63675 31.92506 32.71142 32.71142 32.96353 33.05474 33.68528 33.66366 33.74138 33.81451 33.6995 33.6995 33.71428 33.82167 33.82352 33.8753 33.2198 32.26811 32.19056 32.19056 31.26882 30.1835 29.66666 29.52565 29.89382 31.29193 31.53133 31.53133 31.43501 31.91683 32.37391 32.4455 32.48314 32.26521 31.56716 31.56716 31.43961 32.0013 33.20904 33.36541 33.2089 33.39619 33.42351 33.42351 33.39403 33.33901 33.11687 32.30386 31.68587 31.4695
22.53243 23.00207 23.75147 24.52368 26.80791 30.75743 30.75743 31.1127 31.5676 31.84931 31.79818 31.92652 32.76281 32.76281 32.88826 32.99313 33.71146 33.79712 33.86966 33.78903 33.5592 33.5592 33.51653 33.7041 33.79264 33.88205 33.36026 32.10791 31.74392 31.74392 31.52337 31.15535 29.42651 29.14217 29.89384 31.06356 31.20946 31.20946 31.31046 31.33415 32.20006 32.40521 32.35683 32.33905 31.89268 31.89268 31.1479 31.16649 32.41871 32.03931 31.87083 31.90501 32.71071 32.71071 33.13279 32.96026 32.10973 31.19791 30.8662 30.61524
22.53243 23.00207 23.75147 24.52368 26.80791 30.75743 30.75743 31.1127 31.5676 31.84931 31.79818 31.92652 32.76281 32.76281 32.88826 32.99313 33.71146 33.79712 33.86966 33.78903 33.5592 33.5592 33.51653 33.7041 33.79264 33.88205 33.36026 32.10791 31.74392 31.74392 31.52337 31.15535 29.42651 29.14217 29.89384 31.06356 31.20946 31.20946 31.31046 31.33415 32.20006 32.40521 32.21556 31.94101 31.68075 31.68075 30.794 30.45418 30.62952 31.67366 31.65145 31.6829 31.77761 31.77761 31.54813 30.77291 30.67154 30.52833 30.25966 29.7606
28.23316 27.2703 26.93606 27.24302 28.42002 28.42002 30.97287 31.52588 31.80661 31.99971 31.90757 32.09981 32.79621 32.79621 32.84176 33.00245 33.50396 33.90933 33.87844 33.85424 33.43718 33.43718 33.44086 33.50195 33.71995 33.64194 33.40454 31.39482 31.47513 31.47513 31.45606 30.07673 29.16217 28.83362 28.77671 29.23923 30.95143 30.95143 30.92794 30.89423 31.68994 32.22439 32.21556 31.94101 31.68075 31.68075 30.794 30.45418 30.62952 31.67366 31.65145 31.6829 31.77761 31.77761 31.54813 30.77291 30.67154 30.52833 30.25966 29.7606
29.66563 29.5 28.40705 28.62247 28.8262 28.8262 31.26346 31.97142 32.1965 32.43258 32.054 32.15798 32.77822 32.77822 32.77656 32.8704 33.15646 33.7244 33.77392 33.50512 33.28585 33.28585 33.28972 33.3077 33.33232 33.31035 33.21744 32.27183 31.02007 31.02007 29.77269 29.12899 28.94556 28.64368 28.48755 29.42242 30.53857 30.53857 30.70481 30.84644 30.60417 31.7726 31.61031 31.51318 31.42407 31.42407 30.56444 29.59491 29.33689 29.58368 30.23787 30.02597 29.86698 29.86698 30.09638 30.41044 29.58864 29.73079 29.4435 28.81143
29.66563 29.5 28.40705 28.62247 28.8262 28.8262 31.26346 31.97142 32.1965 32.43258 32.054 32.15798 32.77822 32.77822 32.77656 32.8704 33.15646 33.7244 33.77392 33.50512 33.28585 33.28585 33.28972 33.3077 33.33232 33.31035 33.21744 32.27183 31.02007 31.02007 29.77269 29.12899 28.94556 28.64368 28.48755 29.42242 30.53857 30.53857 30.70481 30.84644 30.60417 31.7726 31.61031 31.51318 31.42407 31.42407 29.82884 28.48063 28.17183 27.85065 28.33189 29.03793 29.07415 29.07415 28.72383 27.57874 27.22516 27.54971 27.40777 27.65091
30.93652 29.99973 30.07284 30.2757 30.69611 30.69611 31.86968 32.17245 32.37348 32.43754 32.16376 32.23173 32.29021 32.29021 32.54197 32.72341 32.82928 32.9903 33.08285 33.12579 33.18237 33.18237 33.23171 33.17896 33.50539 33.35698 33.09426 32.86562 29.08961 29.08961 29.24053 29.057 28.96822 28.61985 28.19802 28.17943 28.58864 28.58864 29.97324 30.21376 29.95862 31.06083 31.41291 31.15988 30.48651 30.48651 29.82884 28.48063 28.17183 27.85065 28.33189 29.03793 29.07415 29.07415 28.72383 27.57874 27.22516 27.54971 27.40777 27.65091
31.8174 30.76336 30.77437 30.94655 31.17738 31.17738 32.1452 32.63527 32.8119 32.79856 32.38641 32.33648 32.77673 32.77673 33.08273 33.37336 33.36829 33.56143 33.58599 33.5156 33.26408 33.26408 33.02494 33.03138 32.93995 32.75076 31.83947 31.06211 29.29389 29.29389 28.74467 28.68055 28.25114 28.22898 27.93949 27.85164 28.92673 28.92673 29.80754 29.88954 29.95435 29.80967 30.59758 29.97611 29.97851 29.97851 29.83577 28.68356 27.06763 26.83802 28.52073 28.10562 26.31629 26.31629 25.99272 26.13485 26.43242 26.68737 27.04849 27.35033
31.8174 30.76336 30.77437 30.94655 31.17738 31.17738 32.1452 32.63527 32.8119 32.79856 32.38641 32.33648 32.77673 32.77673 33.08273 33.37336 33.36829 33.56143 33.58599 33.5156 33.26408 33.26408 33.02494 33.03138 32.93995 32.75076 31.83947 31.06211 29.29389 29.29389 28.74467 28.68055 28.25114 28.22898 27.93949 27.85164 28.92673 28.92673 29.80754 29.88954 29.95435 29.80967 30.59758 29.97611 29.97851 29.97851 29.83577 28.68356 27.06763 26.83802 25.70186 25.81234 25.75579 25.75579 25.84732 26.20589 26.48466 26.72422 27.0475 27.31282
32.68556 32.06477 31.72455 31.028 31.12953 31.12953 32.77843 33.1285 33.13305 33.05335 32.55665 32.43958 33.00758 33.00758 33.21738 33.42847 33.76331 33.80807 33.6423 33.54549 33.22526 33.22526 32.60936 32.58995 32.7341 32.32244 31.0387 30.91641 29.11254 29.11254 28.00258 28.06914 28.09371 28.08546 27.90999 27.44519 27.43416 27.43416 27.75689 29.29622 29.64423 29.57927 29.77942 29.45483 29.22832 29.22832 29.16965 28.75701 26.25313 25.98079 25.70186 25.81234 25.75579 25.75579 25.84732 26.20589 26.48466 26.72422 27.0475 27.31282
33.41026 33.50401 33.44901 31.09472 31.07313 31.07313 32.7363 33.39948 33.34631 33.16911 32.82106 32.52735 32.82609 32.82609 33.47469 33.62283 33.78686 33.87465 33.61872 33.29226 32.67428 32.67428 32.09194 31.99989 32.30951 31.54214 31.05595 30.52987 29.1232 29.1232 27.77323 27.89965 27.77856 27.2035 27.15585 27.20532 27.04251 27.04251 27.57505 28.93157 29.30606 29.44508 29.4129 28.87244 27.67562 27.67562 27.3015 26.36275 26.1443 25.93046 25.77043 25.94433 26.15245 26.15245 26.26109 26.25582 25.81974 25.48882 25.52926 25.26114
33.41026 33.50401 33.44901 31.09472 31.07313 31.07313 32.7363 33.39948 33.34631 33.16911 32.82106 32.52735 32.82609 32.82609 33.47469 33.62283 33.78686 33.87465 33.61872 33.29226 32.67428 32.67428 32.09194 31.99989 32.30951 31.54214 31.05595 30.52987 29.1232 29.1232 27.77323 27.89965 27.77856 27.2035 27.15585 27.20532 27.04251 27.04251 27.57505 28.93157 29.30606 29.44508 29.4129 28.87244 27.67562 27.67562 27.3015 26.36275 26.1443 25.93046 25.77043 25.94433 26.15245 26.15245 25.33518 24.64702 24.3181 24.19587 23.99076 23.87754
33.6199 33.30399 32.76725 32.28556 32.22187 32.22187 32.76265 33.47926 33.43296 33.28035 33.15275 32.6221 32.74362 32.74362 33.3272 33.42504 33.54026 33.62798 33.64613 33.46518 33.08178 33.08178 31.56975 31.36941 31.31537 30.43462 30.06231 29.52032 27.88467 27.88467 26.70471 26.62607 26.6559 26.7848 26.87797 26.80453 26.52788 26.52788 26.51753 28.25561 28.49705 28.30481 27.00953 26.56716 26.5751 26.5751 26.5446 26.44503 26.43007 26.31377 26.09365 26.26819 25.72702 25.72702 25.33518 24.64702 24.3181 24.19587 23.99076 23.87754
33.81651 33.8248 33.26125 32.7556 32.46741 32.46741 32.78698 33.41785 33.48937 33.41163 33.20491 32.77412 32.90637 32.90637 33.36724 33.51771 33.43478 33.56089 33.51488 33.2326 32.71364 32.71364 31.00861 30.86642 30.36466 27.35851 26.79985 26.6384 26.50152 26.50152 26.5236 26.48867 26.40387 26.06281 26.4408 26.34925 25.93222 25.93222 25.88391 26.03048 26.11602 26.38222 26.45306 26.54597 26.68435 26.68435 26.58289 26.43826 26.39036 25.82076 25.11693 24.56746 23.92009 23.92009 23.82248 23.91065 23.9569 23.4735 23.50096 23.4966
33.81651 33.8248 33.26125 32.7556 32.46741 32.46741 32.78698 33.41785 33.48937 33.41163 33.20491 32.77412 32.90637 32.90637 33.36724 33.51771 33.43478 33.56089 33.51488 33.2326 32.71364 32.71364 31.00861 30.86642 30.36466 27.35851 26.79985 26.6384 26.50152 26.50152 26.5236 26.48867 26.40387 26.06281 26.4408 26.34925 25.93222 25.93222 25.88391 26.03048 26.11602 26.38222 26.45306 26.54597 26.68435 26.68435 26.58289 26.43826 26.39036 25.82076 25.11693 24.56746 23.92009 23.92009 23.82248 23.91065 23.9569 23.4735 22.74986 22.49574
33.75052 33.6513 33.36605 32.97175 32.87808 32.87808 33.04432 33.56314 33.67264 33.6283 33.34059 32.91693 32.92649 32.92649 33.516 33.55257 33.7411 33.37654 33.05193 32.8364 32.1702 32.1702 30.45923 30.0786 29.65383 27.05982 26.94393 26.60475 26.13152 26.13152 25.58044 25.91298 25.73087 25.0731 24.78491 25.02829 25.36552 25.36552 25.65157 25.81764 26.18499 26.07612 25.88411 25.56652 25.56782 25.56782 25.43393 25.48751 24.96325 24.2874 23.8863 23.68783 23.60372 23.60372 23.46921 23.41555 23.37198 22.85665 22.74986 22.49574
33.87476 34.09592 34.13091 33.97936 33.72422 33.72422 33.76461 34.03849 33.85898 33.785 33.61953 33.09874 33.04329 33.04329 33.56503 33.64951 33.81571 33.55049 32.89812 32.42085 31.07399 31.07399 30.1198 29.38672 29.20758 27.07747 26.72755 26.5375 25.72833 25.72833 24.34355 24.01421 23.93443 24.14182 24.46654 24.86757 25.18519 25.18519 24.86413 24.8113 24.79943 24.67095 24.45919 24.40199 24.15573 24.15573 23.85631 23.51044 23.63154 23.6486 23.64206 23.41162 23.10725 23.10725 22.84266 22.68004 22.50061 22.19118 22.42629 22.34051
33.87476 34.09592 34.13091 33.97936 33.72422 33.72422 33.76461 34.03849 33.85898 33.785 33.61953 33.09874 33.04329 33.04329 33.56503 33.64951 33.81571 33.55049 32.89812 32.42085 31.07399 31.07399 30.1198 29.38672 29.20758 27.07747 26.72755 26.5375 25.72833 25.72833 24.34355 24.01421 23.93443 24.14182 24.46654 24.86757 25.18519 25.18519 24.86413 24.8113 24.79943 24.67095 24.45919 24.40199 24.15573 24.15573 23.85631 23.51044 23.63154 23.6486 23.64206 23.41162 23.10725 23.10725 22.84266 22.68004 22.50061 22.19118 22.42629 22.34051
33.83968 33.92797 34.0677 33.89272 33.72478 33.72478 33.75745 34.05258 34.00939 33.83726 33.67129 33.25003 33.16468 33.16468 33.31736 33.49097 33.72919 33.47953 31.18476 31.20264 30.71499 30.71499 29.36868 28.63144 28.38158 27.17215 26.34552 25.54537 24.93705 24.93705 24.32342 24.05165 23.99047 24.16429 24.18079 23.98203 24.38273 24.38273 24.07041 23.82299 23.38387 22.77727 22.5459 23.06709 22.997 22.997 23.00877 23.20274 23.31204 23.27127 22.5087 21.99154 22.33805 22.33805 21.98885 21.82911 21.73363 21.7569 22.16623 22.05832
33.93246 34.14016 34.29502 34.07547 33.78867 33.78867 33.56325 33.56884 33.67707 33.63801 33.55778 33.3295 33.19456 33.19456 33.28013 33.5594 33.67471 33.33889 30.90245 30.40495 30.46538 30.46538 29.62411 27.90973 27.66298 27.01113 26.47001 25.84717 25.00543 25.00543 24.4386 24.09968 23.9583 23.87501 23.3743 22.97894 22.67205 22.67205 22.47165 22.20871 22.11675 21.69867 20.20459 20.60761 21.09032 21.09032 21.28644 20.95701 20.89757 21.62471 21.21832 21.18309 21.00769 21.00769 21.00578 21.2987 21.19913 21.54081 21.77765 22.01976
33.93246 34.14016 34.29502 34.07547 33.78867 33.78867 33.56325 33.56884 33.67707 33.63801 33.55778 33.3295 33.19456 33.19456 33.28013 33.5594 33.67471 33.33889 30.90245 30.40495 30.46538 30.46538 29.62411 27.90973 27.66298 27.01113 26.47001 25.84717 25.00543 25.00543 24.4386 24.09968 23.9583 23.87501 23.3743 22.97894 22.67205 22.67205 22.47165 22.20871 22.11675 21.69867 20.20459 20.60761 21.09032 21.09032 21.28644 20.95701 20.89757 21.62471 21.21832 21.18309 21.18309 21.00769 21.00578 21.2987 21.19913 21.54081 21.77765 22.01976
33.99894 34.14552 34.26204 34.21353 34.10904 34.10904 33.80749 33.34354 33.36644 33.57308 33.64569 33.36713 33.04517 33.04517 33.17331 33.42289 33.2755 33.15871 30.72212 30.09444 29.7188 29.7188 28.49419 27.1487 27.05135 26.59406 25.86817 25.65836 24.77254 24.77254 23.84474 23.15664 22.9008 22.10754 21.97841 21.92719 21.9178 21.9178 21.9969 21.04087 19.91408 21.74072 23.25835 24.562 25.06131 25.06131 25.25974 25.56432 25.16763 22.49956 21.60747 20.95577 20.95577 20.77053 21.41481 21.32527 21.5008 21.50649 21.83651 22.0942
