example_notebooks/meuse/ahn.asc
ncols 78
nrows 104
XLLCORNER 178440
YLLCORNER 329600
cellsize 40.00
nodata_value -32767
[rows 40 to 79 of 104, columns 0 to 77 of 78]
3631 3642 3661 3672 3694 3636 3624 3408 3489 3625 3588 3520 3529 3522 3586 3687 3461 3163 3080 3077 3139 3171 3168 3190 3256 3523 3524 -32767 -32767 3090 3320 3614 3714 3667 3669 3656 3541 3447 3546 3627 3656 3641 3642 3619 3596 3576 3551 3546 3584 3553 3547 3580 3583 3586 3603 3615 3613 3616 3634 -32767 -32767 3544 3495 3913 4524 -32767 4381 4506 4804 5044 5216 5316 5299 5504 5447 5571 5744 5766
3618 3657 3673 3702 3703 3763 3602 3468 3498 3626 3611 3567 3514 3548 3570 3612 3654 3408 3118 3108 3156 3148 3153 3173 3444 3593 3393 -32767 -32767 3265 3614 3666 3681 3669 3616 3600 3531 3595 3651 3664 3652 3628 3624 3611 3594 3587 3585 3589 3553 3563 3604 3596 3595 3597 3622 -32767 3617 3613 3626 -32767 3620 3513 3565 4300 4521 -32767 4392 4661 4851 5142 5325 5327 5437 5542 5523 5674 5707 5795
3639 3681 3690 3707 3714 3741 3569 3487 3542 3606 3650 3602 3533 3559 3586 3598 3636 3631 3288 3138 3177 3170 3113 3193 3513 3425 -32767 -32767 3219 3597 3687 3669 3665 3656 3595 3649 3647 3652 3671 3650 3662 3636 3622 3607 3599 3587 3569 3493 3532 3595 3623 3616 3618 -32767 3607 3603 -32767 -32767 3623 3627 3581 3477 3855 4476 -32767 4387 4512 4836 4826 4797 5045 5290 5698 5508 5533 5555 5741 5910
3671 3680 3710 3719 3749 3682 3529 3448 3532 3592 3627 3614 3576 3577 3605 3609 3607 3643 3488 3227 3134 3147 3204 3426 3547 3331 -32767 3218 3467 3725 3690 3669 3674 3630 3688 3683 3689 3675 3655 3640 3619 3631 3634 3619 3611 3596 3571 3505 3578 3625 3629 3615 -32767 -32767 3600 3606 -32767 -32767 -32767 3604 3486 3594 4302 4483 -32767 4389 4681 4764 4788 4594 4719 4928 5229 5547 5677 5655 5787 6150
3670 3683 3716 3724 3774 3675 3518 3458 3516 3549 3600 3601 3603 3583 3605 3622 3623 3607 3602 3337 3202 3193 3337 3566 3481 -32767 -32767 3388 3655 3702 3685 3661 3651 3691 3713 3723 3697 3684 3655 3630 3607 3629 3633 3632 3616 3603 3571 3529 3615 3631 3624 3611 3602 -32767 -32767 3623 3632 -32767 3619 3561 3505 3884 4523 -32767 4392 4479 4749 4741 4666 4576 4690 4904 5127 5492 5667 5772 5890 5904
3667 3681 3690 3775 3707 3641 3524 3456 3525 3533 3547 3613 3607 3601 3612 3625 3622 3633 3634 3572 3385 3467 3610 3571 3463 -32767 -32767 3544 3702 3690 3688 3690 3737 3741 3716 3696 3685 3667 3687 3684 3690 3696 3657 3634 3623 3603 3583 3565 3622 3631 3610 3605 3614 3621 -32767 -32767 3615 3608 3600 3525 3556 4279 -32767 -32767 4414 4758 4642 4753 4518 4471 4580 4745 5515 5716 5765 5929 6078 5824
3708 3722 3744 3728 3705 3610 3462 3417 3533 3544 3528 3599 3631 3631 3609 3625 3627 3629 3618 3612 3621 3647 3607 3546 3386 -32767 3387 3745 3732 3722 3730 3723 3719 3722 3683 3673 3657 3630 3626 3647 3654 3662 3673 3678 3674 3645 3640 3539 3605 3623 3625 3621 3626 3628 -32767 3634 3613 3618 3567 3530 3897 4462 -32767 4392 4622 4758 4617 4515 4418 4488 4592 4761 5028 5698 5838 5961 5969 6028
3669 3701 3679 3700 3714 3549 3418 3425 3524 3561 3571 3601 3648 3641 3636 3582 3623 3638 3634 3653 3661 3648 3586 3515 3216 -32767 3676 3771 3758 3750 3720 3685 3657 3639 3647 3638 3616 3620 3651 3667 3656 3665 3644 3652 3635 3628 3643 3600 3614 3637 3641 3632 3641 3633 3610 3617 3608 3605 3567 3638 4355 4458 -32767 4454 4755 4514 4638 4399 4437 4548 4758 4777 5121 5749 6184 5929 5991 5898
3674 3689 3704 3717 3675 3472 3444 3463 3526 3568 3596 3621 3647 3656 3646 3631 3607 3640 3658 3669 3675 3657 3568 3480 3097 -32767 3697 3683 3735 3720 3713 3664 3633 3642 3634 3638 3648 3662 3676 3671 3663 3663 3640 3656 3634 3633 3610 3585 3628 3650 3657 3645 3645 3622 3602 3602 3606 3589 3567 3964 4520 4418 4479 4683 4671 4631 4489 4418 -32767 4634 4745 4731 5456 5869 6049 5934 6008 5897
3572 3640 3662 3657 3599 3403 3534 3568 3541 3590 3608 3634 3661 3668 3658 3643 3613 3634 3659 3670 3681 3657 3564 3449 -32767 -32767 3458 3690 3653 3673 3699 3702 3673 3654 3662 3664 3682 3690 3688 3675 3667 3666 3644 3626 3631 3643 3602 3594 3644 3660 3655 3652 3649 3622 3616 3579 3606 3594 3687 4352 4433 -32767 4582 4805 4611 4571 4396 4400 4592 4692 4661 4984 5735 5846 5958 5949 5936 5982
3539 3525 3568 3584 3478 3433 3610 3646 3566 3606 3639 3650 3674 3684 3674 3658 3644 3613 3672 3684 3693 3652 3551 3373 -32767 -32767 3474 3727 3657 3680 3719 3705 3708 3703 3678 3685 3690 3681 3683 3673 3674 3660 3646 3615 3639 3605 3612 3618 3652 3663 3654 3653 3642 3627 3640 3633 3621 3600 4033 4510 -32767 4390 4685 4777 4640 4420 4396 4396 4569 4644 4709 5381 5694 5844 5954 6038 6039 5965
3636 3604 3569 3539 3464 3510 3627 3641 3601 3607 3646 3674 3671 3680 3679 3672 3669 3633 3679 3693 3682 3650 3513 3300 -32767 -32767 3576 3713 3677 3679 3710 3724 3690 3698 3695 3694 3690 3685 3673 3671 3668 3655 3638 3620 3638 3568 3589 3642 3656 3658 3660 3658 3625 3631 3653 3648 3634 3688 4393 4443 -32767 4392 4420 4524 4505 4396 4397 4591 4640 4772 4694 5491 5690 5930 5966 5928 5938 5989
3700 3694 3682 3603 3491 3545 3636 3655 3649 3613 3647 3673 3668 3674 3685 3689 3682 3659 3675 3696 3673 3625 3466 3297 -32767 -32767 3636 3602 3665 3693 3690 3704 3718 3701 3692 3691 3676 3671 3673 3677 3659 3640 3614 3639 3613 3628 3596 3651 3657 3654 3671 3645 3615 3645 3658 3642 3620 4050 4491 -32767 -32767 4393 4393 4395 4394 4395 4398 4606 4642 4757 4750 5331 5786 5918 5887 5962 6164 6001
3653 3655 3654 3621 3492 3552 3625 3642 3685 3659 3642 3656 3670 3681 3691 3695 3688 3678 3675 3697 3674 3581 3382 -32767 -32767 3460 3667 3653 3637 3662 3692 3726 3692 3700 3702 3677 3675 3671 3671 3674 3639 3622 3615 3644 3548 3611 3639 3659 3650 3645 3638 3609 3616 3628 3622 3605 3751 4449 4462 -32767 4393 4391 4394 4394 4394 4398 -32767 4649 4822 4871 4934 5292 5805 5945 5884 5999 6098 6025
3670 3678 3667 3647 3539 3567 3613 3643 3700 3697 3645 3636 3678 3686 3697 3700 3695 3688 3687 3707 3665 3496 -32767 -32767 3230 3617 3680 3665 3657 3650 3660 3724 3675 3682 3682 3675 3657 3653 3660 3653 3622 3611 3626 3598 3579 3598 3645 3648 3641 3554 3555 3591 3613 3600 3602 3596 4083 4520 4395 -32767 4391 4391 4394 4394 4401 4472 4600 5588 5056 4905 5144 5431 5822 5914 5977 5974 5978 5974
3680 3662 3655 3667 3591 3586 3621 3674 3701 3704 3677 3641 3679 3696 3704 3711 3707 3690 3686 3704 3627 3426 -32767 -32767 3279 3686 3688 3665 3670 3651 3729 3624 3580 3617 3636 3639 3633 3649 3628 3622 3616 3608 3581 3612 3624 3645 3648 3595 3602 3592 3593 3607 3608 3586 3601 3683 4422 4398 -32767 4390 4390 4393 4405 4426 4501 4613 4681 5355 4990 5108 5192 5502 5781 5823 5907 5897 6010 5974
3662 3653 3661 3686 3675 3640 3665 3693 3694 3691 3684 3666 3661 3698 3709 3717 3721 3712 3699 3687 3543 -32767 -32767 3178 3547 3674 3672 3670 3622 3668 3629 3614 3600 3583 3588 3608 3611 3605 3613 3615 3591 3595 3643 3621 3624 3646 3616 3567 3612 3628 3611 3635 3638 3588 3614 4112 4487 4388 -32767 4393 4411 4517 4583 4644 4672 4559 4858 4777 4846 4998 5282 5535 5770 5804 5944 5892 5884 5913
3680 3668 3679 3710 3721 3695 3652 3686 3669 3672 3683 3687 3648 3697 3739 3748 3719 3703 3709 3591 -32767 -32767 -32767 3451 3663 3686 3633 3622 3669 3703 3673 3649 3661 3663 3651 3634 3642 3654 3644 3635 3723 3725 3684 3664 3668 3667 3638 3623 3629 3630 3626 3649 3653 3584 3692 4489 4418 4469 4509 4588 4690 4663 4672 4652 4413 3748 4196 4726 4894 5052 5242 5491 5576 5771 5810 5738 5838 5863
3643 3667 3696 3730 3737 3705 3694 3699 3684 3695 3706 3722 3669 3694 3721 3726 3719 3710 3655 3534 -32767 -32767 3252 3574 3656 3639 3481 3546 3704 3671 3646 3652 3654 3668 3694 3683 3689 3693 3684 3678 3676 3654 3644 3666 3677 3636 3603 3623 3626 3655 3642 3644 3618 3581 3965 4476 4402 4568 4371 4359 4087 4260 3901 4013 3785 3646 3869 4669 5242 5194 5529 5525 5535 5667 5780 5809 5825 5902
3529 3627 3728 3754 3739 3725 3706 3702 3662 3690 3730 3748 3710 3721 3731 3723 3714 3670 3633 -32767 -32767 3485 3541 3627 3636 3636 3624 3689 3676 3664 3672 3690 3703 3706 3688 3688 3690 3694 3686 3687 3691 3675 3672 3680 3677 3627 3586 3597 3625 3648 3667 3637 3696 3851 4412 4405 4500 4340 3629 3545 3564 3699 3724 3687 3641 3654 3816 4328 5006 5507 5551 5573 5608 5776 5792 5797 5843 5901
3463 3665 3597 3751 3733 3702 3707 3700 3685 3688 3753 3743 3727 3727 3740 3736 3679 -32767 -32767 -32767 -32767 3494 3589 3629 3620 3619 3645 3667 3692 3688 3710 3697 3696 3697 3687 3703 3719 3712 3705 3712 3700 3694 3694 3675 3666 3596 3580 3628 3655 3634 3601 3741 4226 4627 4502 4395 4529 3715 3622 3559 3548 3571 3588 3644 3676 3798 4095 4567 5319 5523 5698 5604 5621 5784 5764 5768 5819 5890
3669 3754 3704 3729 3719 3708 3735 3728 3714 3726 3758 3747 3736 3725 3714 3624 3550 -32767 -32767 3543 3478 3495 3453 3583 3606 3630 3663 3732 3777 3664 3666 3707 3710 3715 3710 3697 3714 3719 3713 3692 3680 3692 3688 3676 3642 3580 3603 3674 3688 3650 3645 4002 4665 4930 4543 4554 4338 3634 3715 3607 3548 3620 3652 3704 3794 4092 4392 4814 5429 5746 5842 5783 5627 5711 5732 5843 6045 5881
3743 3741 3738 3717 3724 3733 3735 3743 3734 3742 3762 3738 3711 3669 3570 -32767 -32767 -32767 3208 3546 3482 3495 3388 3521 3612 3634 3731 3748 3759 3703 3688 3727 3744 3722 3719 3696 3711 3707 3672 3660 3663 3661 3659 3648 3618 3577 3648 3683 3681 3644 3750 4305 4912 4533 4402 4641 4897 4384 3790 3665 3567 3733 3698 3947 4038 4312 4599 5053 5370 5633 5704 5668 5580 5743 5774 5930 5871 5900
3716 3748 3743 3736 3740 3755 3735 3740 3745 3756 3762 3658 3593 3487 3427 -32767 3073 3488 3570 3550 3512 3365 3342 3486 3623 3674 3732 3712 3697 3810 3685 3696 3725 3725 3731 3698 3703 3684 3681 3704 3714 3679 3684 3666 3603 3620 3669 3694 3685 3680 4017 4595 4790 4414 4442 4022 3815 4224 4516 4176 3768 3792 3821 4043 4215 4527 4648 4741 4994 5462 5620 5542 5646 5566 5631 5767 5934 5999
3707 3743 3730 3741 3751 3754 3752 3739 3740 3717 3595 3573 3568 3393 -32767 3085 3075 3548 3599 3527 3389 3322 3307 3531 3634 3347 3670 3777 3748 3702 3724 3686 3724 3746 3737 3710 3682 3691 3712 3723 3733 3717 3694 3647 3621 3638 3699 3705 3699 3815 4324 4747 4499 4397 4405 3668 3578 3559 3728 4200 4319 4135 4000 4212 4440 4642 4777 4955 5223 5595 5414 5416 5465 5620 5690 5757 5911 5875
3714 3732 3722 3742 3755 3757 3762 3734 3622 3561 3610 3596 -32767 -32767 3098 3119 3312 3643 3542 3473 3342 3317 3309 3341 3342 3604 3783 3745 3709 3698 3697 3720 3735 3747 3733 3708 3693 3724 3745 3747 3736 3715 3646 3645 3653 3686 3723 3716 3720 4083 4590 4659 4396 4478 4085 3626 3613 3586 3540 3568 3669 4077 4324 4849 4969 4948 5103 5203 5407 5315 5558 5528 5583 5649 5623 5730 6220 5898
3739 3726 3702 3754 3755 3752 3703 3603 3580 3608 3635 3467 -32767 3115 3170 3299 3455 3604 3521 3406 3354 3340 3342 3362 3408 3524 3661 3696 3707 3708 3707 3725 3725 3745 3726 3689 3720 3745 3750 3744 3716 3664 3672 3688 3665 3718 3729 3731 3853 4395 4680 4506 4401 4422 3729 3644 3639 3625 3574 3605 3667 4015 4275 5014 5060 5135 5180 5438 5624 5477 5553 5526 5515 5603 5652 5631 6058 6145
3746 3743 3706 3771 3734 3677 3571 3566 3649 3659 3473 -32767 3162 3158 3292 -32767 3564 3667 3449 3385 3371 3357 3340 3337 3358 3463 3484 3624 3685 3709 3713 3723 3727 3737 3700 3719 3745 3750 3752 3721 3691 3705 3729 3690 3669 3724 3726 3749 4030 4580 4660 4399 4434 4071 3665 3662 3663 3647 3605 3649 3684 4010 4183 4647 4922 5197 5318 5537 5655 5601 5675 5709 5672 5588 5659 5643 6199 6157
3741 3732 3723 3741 3639 3531 3613 3684 3663 3579 -32767 -32767 3165 3222 3334 3386 3680 3518 3474 3382 3370 3371 3362 3342 3345 3367 3442 3483 3519 3611 3676 3694 3757 3696 3726 3749 3758 3746 3727 3671 3705 3725 3701 3670 3685 3721 3724 3732 3900 4497 4481 4393 4511 3804 3665 3685 3684 3669 3608 3642 3723 4051 4423 4877 4962 5368 5562 5730 5660 5649 5727 5759 5823 5736 5653 5726 6117 5818
3743 3713 3704 3621 3579 3668 3718 3702 3550 3391 -32767 3244 3161 3449 3586 3672 3651 3404 3661 3506 3383 3374 3372 3375 3395 3357 3372 3403 3443 3521 3598 3653 3749 3734 3753 3756 3744 3725 3695 3699 3731 3692 3685 3676 3699 3732 3727 3719 4012 4519 4410 4402 4460 3695 3670 3706 3704 3672 3638 3683 3784 4043 5036 5362 5244 5455 5681 5829 5835 5881 5881 5778 5692 5749 5753 5729 6057 5800
3721 3718 3648 3639 3719 3735 3728 3509 3553 -32767 3290 3322 3572 3622 3700 3698 3634 3596 3661 3643 3549 3396 3381 3495 3625 3432 3365 3370 3394 3441 3495 3619 3679 3744 3751 3721 3737 3734 3709 3730 3695 3707 3710 3686 3698 3725 3740 3753 4135 4554 4395 4453 4259 3678 3669 3717 3726 3715 3706 3743 3798 4023 5082 5358 5440 5561 5779 5803 5873 5786 5933 6000 5856 5790 5753 6006 6104 5883
3725 3680 3637 3720 3732 3735 3576 3517 -32767 -32767 3280 3610 3672 3679 3711 3675 3635 3594 3654 3670 3675 3578 3480 3640 3657 3645 3492 3368 3379 3398 3464 3609 3592 3693 3797 3794 3755 3741 3728 3727 3714 3715 3674 3705 3725 3709 3714 3742 4208 4545 4391 4566 4086 3684 3679 3725 3743 3739 3740 3777 3819 4135 5126 5371 5525 5666 5889 5801 5981 5939 6029 5768 5819 5806 5861 5833 5980 5901
3693 3656 3703 3730 3713 3618 3537 -32767 -32767 -32767 3610 3690 3614 3715 3686 3675 3636 3600 3684 3688 3682 3675 3675 3670 3663 3671 3670 3543 3547 3642 3707 3696 3557 3582 3729 3775 3813 3753 3771 3730 3713 3703 3682 3732 3757 3737 3701 3734 4263 4510 4395 4572 3983 3686 3684 3728 3756 3759 3761 3793 3862 4090 5292 5479 5670 5786 6009 5943 6102 5976 5966 5842 5969 5837 5927 5839 5890 5793
3710 3679 3705 3714 3678 3577 3442 -32767 -32767 3624 3680 3633 3676 3734 3673 3710 3605 3677 3704 3695 3685 3679 3671 3674 3671 3666 3675 3690 3453 3302 -32767 3373 3405 3542 3542 3692 3729 3807 3730 3709 3731 3687 3724 3756 3752 3767 3722 3745 4277 4476 4388 4554 4010 3693 3696 3723 3763 3773 3784 3787 3893 4167 5207 5526 5752 5963 5987 6070 6119 6061 6053 5987 5983 5940 5872 5900 5893 5802
3703 3689 3724 3719 3630 3488 -32767 -32767 3547 3721 3663 3595 3722 3721 3666 3712 3593 3714 3710 3697 3691 3674 3679 3678 3672 3676 3676 3680 3349 -32767 -32767 -32767 3272 3496 3543 3483 3679 3753 3785 3727 3724 3689 3739 3764 3756 3760 3743 3748 4260 4507 4371 4532 4071 3689 3699 3713 3758 3776 3789 3791 3907 4198 5263 5528 5880 5950 6107 6195 6027 6105 6020 6012 5950 5910 5879 5883 5976 5807
3683 3689 3730 3704 3611 -32767 -32767 3640 3699 3696 3661 3678 3719 3698 3709 3629 3651 3714 3711 3705 3685 3683 3688 3685 3674 3674 3694 3688 3325 -32767 -32767 3268 3269 3387 3632 3595 3708 3760 3754 3804 3703 3682 3740 3760 3754 3758 3738 3740 4197 4559 4404 4423 4235 3695 3706 3715 3751 3776 3792 3813 3942 4359 5226 5647 5919 5997 6064 6014 6134 6064 6069 5972 5909 5926 5958 5896 5979 5830
3673 3711 3716 3613 3392 -32767 3398 3645 3705 3668 3676 3715 3721 3704 3706 3620 3695 3719 3723 3717 3687 3699 3700 3690 3675 3676 3699 3592 3292 -32767 3271 3270 3273 3412 3692 3691 3722 3750 3778 3782 3781 3703 3736 3763 3757 3772 3745 3740 4109 4516 4387 4389 4459 3756 3719 3730 3745 3772 3791 3854 3977 4683 5393 5822 5970 6019 6120 6104 6109 6032 6025 6056 5982 5907 5870 5940 5957 5869
3685 3741 3696 3592 -32767 -32767 3659 3706 3672 3692 3717 3733 3706 3701 3664 3722 3702 3740 3739 3716 3706 3711 3721 3697 3671 3688 3630 3408 3322 3277 3265 3271 3287 3537 3728 3717 3727 3757 3794 3774 3752 3782 3748 3760 3772 3786 3751 3752 4033 4506 4389 4387 4472 3890 3698 3717 3748 3754 3806 3941 4031 4865 5501 5825 6040 6213 6127 6111 6193 6150 6099 6121 5925 5891 5905 5899 5951 5913
3745 3712 3453 -32767 -32767 3444 3679 3710 3718 3710 3750 3736 3685 3696 3680 3679 3761 3753 3744 3711 3712 3736 3725 3704 3669 3709 3486 3422 3392 3296 3324 3327 3540 3697 3734 3728 3759 3808 3793 3780 3768 3764 3801 3781 3787 3785 3769 3764 3939 4482 4393 4390 4414 4185 3717 3717 3727 3744 3839 3951 4110 4930 5603 5826 5869 6113 6132 6063 6145 6153 6020 6039 6069 5919 5961 5876 5922 6075
3705 3550 -32767 -32767 -32767 3673 3725 3755 3720 3746 3751 3723 3719 3707 3743 3729 3794 3773 3747 3710 3705 3742 3742 3726 3717 3593 3477 3457 3392 3296 3361 3592 3772 3743 3731 3730 3788 3801 3802 3764 3755 3790 3806 3841 3803 3790 3798 3771 3847 4381 4407 4392 4394 4494 3885 3729 3730 3729 3839 3995 4324 4740 5582 5717 5771 5910 5999 6159 6011 6080 5966 5954 5943 5922 5835 5909 6071 6115
