example_notebooks/meuse/ahn.asc
ncols 78
nrows 104
XLLCORNER 178440
YLLCORNER 329600
cellsize 40.00
nodata_value -32767
[rows 0 to 39 of 104, columns 0 to 77 of 78]
-32767 -32767 -32767 -32767 -32767 -32767 -32767 -32767 -32767 -32767 -32767 -32767 -32767 -32767 -32767 -32767 -32767 -32767 -32767 -32767 -32767 -32767 -32767 -32767 -32767 -32767 -32767 -32767 -32767 -32767 -32767 -32767 -32767 -32767 -32767 -32767 -32767 -32767 -32767 -32767 -32767 -32767 -32767 -32767 -32767 -32767 -32767 -32767 -32767 -32767 -32767 -32767 -32767 -32767 -32767 -32767 3319 3337 3313 3295 3283 3267 3209 3485 3307 -32767 -32767 -32767 3168 3364 3364 3382 3628 3848 3659 3707 3761 4223
-32767 -32767 -32767 -32767 -32767 -32767 -32767 -32767 -32767 -32767 -32767 -32767 -32767 -32767 -32767 -32767 -32767 -32767 -32767 -32767 -32767 -32767 -32767 -32767 -32767 -32767 -32767 -32767 -32767 -32767 -32767 -32767 -32767 -32767 -32767 -32767 -32767 -32767 -32767 -32767 -32767 -32767 -32767 -32767 -32767 -32767 -32767 -32767 -32767 -32767 -32767 -32767 -32767 -32767 3477 3452 3329 3362 3315 3330 3325 3368 3502 3338 -32767 -32767 3016 3292 3318 3372 3382 3627 3848 3839 3459 3674 4003 4304
-32767 -32767 -32767 -32767 -32767 -32767 -32767 -32767 -32767 -32767 -32767 -32767 -32767 -32767 -32767 -32767 -32767 -32767 -32767 -32767 -32767 -32767 -32767 -32767 -32767 -32767 -32767 -32767 -32767 -32767 -32767 -32767 -32767 -32767 -32767 -32767 -32767 -32767 -32767 -32767 -32767 -32767 -32767 -32767 -32767 -32767 -32767 -32767 -32767 -32767 -32767 -32767 -32767 -32767 3512 3409 3351 3376 3334 3390 3366 3517 3359 -32767 -32767 -32767 3187 3406 3332 3367 3635 3870 3857 3772 3399 3748 3904 4174
-32767 -32767 -32767 -32767 -32767 -32767 -32767 -32767 -32767 -32767 -32767 -32767 -32767 -32767 -32767 -32767 -32767 -32767 -32767 -32767 -32767 -32767 -32767 -32767 -32767 -32767 -32767 -32767 -32767 -32767 -32767 -32767 -32767 -32767 -32767 -32767 -32767 -32767 -32767 -32767 -32767 -32767 -32767 -32767 -32767 -32767 -32767 -32767 -32767 -32767 -32767 -32767 -32767 3543 3536 3301 3330 3302 3371 3415 3521 3445 -32767 -32767 3058 3214 3392 3394 3345 3405 3855 3889 3858 3584 3519 4013 4095 4367
-32767 -32767 -32767 -32767 -32767 -32767 -32767 -32767 -32767 -32767 -32767 -32767 -32767 -32767 -32767 -32767 -32767 -32767 -32767 -32767 -32767 -32767 -32767 -32767 -32767 -32767 -32767 -32767 -32767 -32767 -32767 -32767 -32767 -32767 -32767 -32767 -32767 -32767 -32767 -32767 -32767 -32767 -32767 -32767 -32767 -32767 -32767 -32767 -32767 -32767 -32767 3524 3504 3523 3538 3383 3376 3279 3345 3522 3429 3205 -32767 -32767 3305 3416 3418 3386 3359 3298 3724 3879 3739 3462 3670 4223 4340 4565
-32767 -32767 -32767 -32767 -32767 -32767 -32767 -32767 -32767 -32767 -32767 -32767 -32767 -32767 -32767 -32767 -32767 -32767 -32767 -32767 -32767 -32767 -32767 -32767 -32767 -32767 -32767 -32767 -32767 -32767 -32767 -32767 -32767 -32767 -32767 -32767 -32767 -32767 -32767 -32767 -32767 -32767 -32767 -32767 -32767 -32767 -32767 -32767 -32767 -32767 3547 3540 3517 3510 3551 3419 3400 3318 3521 3473 3203 -32767 -32767 3215 3402 3446 3427 3409 3277 3335 3360 3817 3589 3513 3845 4341 4480 4620
-32767 -32767 -32767 -32767 -32767 -32767 -32767 -32767 -32767 -32767 -32767 -32767 -32767 -32767 -32767 -32767 -32767 -32767 -32767 -32767 -32767 -32767 -32767 -32767 -32767 -32767 -32767 -32767 -32767 -32767 -32767 -32767 -32767 -32767 -32767 -32767 -32767 -32767 -32767 -32767 -32767 -32767 -32767 -32767 -32767 -32767 -32767 -32767 -32767 3553 3559 3558 3553 3542 3536 3356 3408 3574 3464 3423 -32767 -32767 2995 3364 3451 3454 3439 3355 3359 3379 3348 3563 3598 3543 4161 4394 4576 4714
-32767 -32767 -32767 -32767 -32767 -32767 -32767 -32767 -32767 -32767 -32767 -32767 -32767 -32767 -32767 -32767 -32767 -32767 -32767 -32767 -32767 -32767 -32767 -32767 -32767 -32767 -32767 -32767 -32767 -32767 -32767 -32767 -32767 -32767 -32767 -32767 -32767 -32767 -32767 -32767 -32767 -32767 -32767 -32767 -32767 -32767 -32767 -32767 3533 3543 3571 3577 3573 3560 3543 3641 3543 3524 3462 3206 -32767 -32767 3210 3449 3473 3454 3404 3407 3417 3387 3362 3379 3654 4021 4705 4528 4492 4658
-32767 -32767 -32767 -32767 -32767 -32767 -32767 -32767 -32767 -32767 -32767 -32767 -32767 -32767 -32767 -32767 -32767 -32767 -32767 -32767 -32767 -32767 -32767 -32767 -32767 -32767 -32767 -32767 -32767 -32767 -32767 -32767 -32767 -32767 -32767 -32767 -32767 -32767 -32767 -32767 -32767 -32767 -32767 -32767 -32767 -32767 -32767 3503 3519 3539 3581 3599 3587 3570 3560 3655 3493 3528 3324 -32767 -32767 3224 3375 3479 3481 3438 3437 3453 3424 3395 3379 3383 3375 4103 4713 4692 4777 4672
-32767 -32767 -32767 -32767 -32767 -32767 -32767 -32767 -32767 -32767 -32767 -32767 -32767 -32767 -32767 -32767 -32767 -32767 -32767 -32767 -32767 -32767 -32767 -32767 -32767 -32767 -32767 -32767 -32767 -32767 -32767 -32767 -32767 -32767 -32767 -32767 -32767 -32767 -32767 -32767 -32767 -32767 -32767 -32767 -32767 -32767 -32767 3529 3510 3532 3553 3580 3585 3585 3597 3588 3532 3467 3290 -32767 -32767 3258 3470 3504 3476 3469 3466 3443 3428 3399 3366 3380 3367 3707 4713 4744 4809 4874
-32767 -32767 -32767 -32767 -32767 -32767 -32767 -32767 -32767 -32767 -32767 -32767 -32767 -32767 -32767 -32767 -32767 -32767 -32767 -32767 -32767 -32767 -32767 -32767 -32767 -32767 -32767 -32767 -32767 -32767 -32767 -32767 -32767 -32767 -32767 -32767 -32767 -32767 -32767 -32767 -32767 -32767 -32767 -32767 -32767 -32767 3575 3569 3517 3529 3549 3564 3575 3581 3607 3575 3521 3424 -32767 -32767 3076 3446 3538 3507 3484 3502 3477 3459 3455 3346 3397 3406 3396 3338 4078 4899 4897 4924
-32767 -32767 -32767 -32767 -32767 -32767 -32767 -32767 -32767 -32767 -32767 -32767 -32767 -32767 -32767 -32767 -32767 -32767 -32767 -32767 -32767 -32767 -32767 -32767 -32767 -32767 -32767 -32767 -32767 -32767 -32767 -32767 -32767 -32767 -32767 -32767 -32767 -32767 -32767 -32767 -32767 -32767 -32767 -32767 -32767 -32767 3582 3568 3540 3537 3558 3564 3576 3610 3612 3605 3487 3218 -32767 3140 3376 3506 3548 3506 3514 3503 3490 3485 3395 3427 3437 3427 3418 3372 3499 4699 4951 5027
-32767 -32767 -32767 -32767 -32767 -32767 -32767 -32767 -32767 -32767 -32767 -32767 -32767 -32767 -32767 -32767 -32767 -32767 -32767 -32767 -32767 -32767 -32767 -32767 -32767 -32767 -32767 -32767 -32767 -32767 -32767 -32767 -32767 -32767 -32767 -32767 -32767 -32767 -32767 -32767 -32767 -32767 -32767 -32767 -32767 -32767 3603 3567 3549 3540 3555 3547 3613 3601 3604 3559 3405 -32767 -32767 3289 3411 3556 3541 3542 3532 3505 3505 3430 3449 3479 3451 3452 3448 3355 3341 4121 5019 4956
-32767 -32767 -32767 -32767 -32767 -32767 -32767 -32767 -32767 -32767 -32767 -32767 -32767 -32767 -32767 -32767 -32767 -32767 -32767 -32767 -32767 -32767 -32767 -32767 -32767 -32767 -32767 -32767 -32767 -32767 -32767 -32767 -32767 -32767 -32767 -32767 -32767 -32767 -32767 -32767 -32767 -32767 -32767 -32767 -32767 3561 3591 3543 3538 3549 3552 3588 3580 3600 3576 3522 3340 -32767 -32767 3281 3510 3562 3558 3559 3530 3522 3489 3485 3504 3498 3492 3489 3466 3402 3363 3602 4901 4955
-32767 -32767 -32767 -32767 -32767 -32767 -32767 -32767 -32767 -32767 -32767 -32767 -32767 -32767 -32767 -32767 -32767 -32767 -32767 -32767 -32767 -32767 -32767 -32767 -32767 -32767 -32767 -32767 -32767 -32767 -32767 -32767 -32767 -32767 -32767 -32767 -32767 -32767 -32767 -32767 -32767 -32767 -32767 -32767 3521 3526 3567 3538 3564 3559 3599 3609 3584 3590 3536 3441 3174 -32767 3260 3443 3565 3579 3575 3555 3546 3511 3503 3504 3522 3525 3514 3494 3466 3433 3397 3404 4671 4842
-32767 -32767 -32767 -32767 -32767 -32767 -32767 -32767 -32767 -32767 -32767 -32767 -32767 -32767 -32767 -32767 -32767 -32767 -32767 -32767 -32767 -32767 -32767 -32767 -32767 -32767 -32767 -32767 -32767 -32767 -32767 -32767 -32767 -32767 -32767 -32767 -32767 -32767 -32767 -32767 -32767 -32767 -32767 -32767 3602 3533 3546 3547 3592 3578 3604 3599 3565 3524 3515 3249 -32767 -32767 3447 3503 3594 3590 3570 3561 3522 3513 3521 3524 3536 3544 3523 3481 3513 3486 3410 3427 4487 4492
-32767 -32767 -32767 -32767 -32767 -32767 -32767 -32767 -32767 -32767 -32767 -32767 -32767 -32767 -32767 -32767 -32767 -32767 -32767 -32767 -32767 -32767 -32767 -32767 -32767 -32767 -32767 -32767 -32767 -32767 -32767 -32767 -32767 -32767 -32767 -32767 -32767 -32767 -32767 -32767 -32767 -32767 -32767 3628 3623 3574 3538 3546 3583 3617 3596 3589 3531 3535 3441 -32767 -32767 3340 3437 3583 3601 3579 3572 3527 3515 3538 3539 3552 3557 3549 3512 3498 3544 3549 3473 3757 4437 4401
-32767 -32767 -32767 -32767 -32767 -32767 -32767 -32767 -32767 -32767 -32767 -32767 -32767 -32767 -32767 -32767 -32767 -32767 -32767 -32767 -32767 -32767 -32767 -32767 -32767 -32767 -32767 -32767 -32767 -32767 -32767 -32767 -32767 -32767 -32767 -32767 -32767 -32767 -32767 -32767 -32767 -32767 3646 3646 3635 3615 3554 3565 3680 3604 3584 3559 3501 3554 3352 -32767 -32767 3280 3528 3601 3580 3571 3535 3535 3532 3567 3554 3557 3543 3524 3517 3517 3543 3513 3518 4212 4470 4417
-32767 -32767 -32767 -32767 -32767 -32767 -32767 -32767 -32767 -32767 -32767 -32767 -32767 -32767 -32767 -32767 -32767 -32767 -32767 -32767 -32767 -32767 -32767 -32767 -32767 -32767 -32767 -32767 -32767 -32767 -32767 -32767 -32767 -32767 -32767 -32767 -32767 -32767 -32767 -32767 -32767 -32767 3715 3688 3654 3644 3578 3598 3587 3596 3605 3532 3589 3437 3125 -32767 3289 3449 3590 3595 3574 3547 3547 3548 3545 3559 3552 3544 3539 3540 3535 3525 3488 3476 3773 4479 4407 4581
-32767 -32767 -32767 -32767 -32767 -32767 -32767 -32767 -32767 -32767 -32767 -32767 -32767 -32767 -32767 -32767 -32767 -32767 -32767 -32767 -32767 -32767 -32767 -32767 -32767 -32767 -32767 -32767 -32767 -32767 -32767 -32767 -32767 -32767 -32767 -32767 -32767 -32767 -32767 -32767 -32767 4124 3732 3728 3686 3642 3580 3574 3581 3630 3550 3562 3557 3426 -32767 -32767 3324 3562 3607 3578 3552 3558 3560 3554 3556 3560 3549 3552 3558 3552 3542 3515 3512 3551 4181 4447 4407 4778
-32767 -32767 -32767 -32767 -32767 -32767 -32767 -32767 -32767 -32767 -32767 -32767 -32767 -32767 -32767 -32767 -32767 -32767 -32767 -32767 -32767 -32767 -32767 -32767 -32767 -32767 -32767 -32767 -32767 -32767 -32767 -32767 -32767 -32767 -32767 -32767 -32767 -32767 -32767 -32767 -32767 3724 3695 3714 3676 3557 3552 3612 3634 3567 3571 3569 3445 3120 -32767 3152 3445 3607 3568 3567 3559 3553 3559 3557 3556 3553 3556 3566 3555 3553 3530 3523 3541 3837 4488 4402 4477 4851
-32767 -32767 -32767 -32767 -32767 -32767 -32767 -32767 -32767 -32767 -32767 -32767 -32767 -32767 -32767 -32767 -32767 -32767 -32767 -32767 -32767 -32767 -32767 -32767 -32767 -32767 -32767 -32767 -32767 -32767 -32767 -32767 -32767 -32767 -32767 -32767 -32767 -32767 -32767 -32767 -32767 3648 3674 3697 3653 3583 3627 3639 3578 3563 3523 3474 3264 -32767 3121 3270 3528 3579 3567 3555 3567 3558 3565 3565 3550 3546 3574 3569 3563 3535 3531 3549 3573 4268 4474 4390 4551 4871
-32767 -32767 -32767 -32767 -32767 -32767 -32767 -32767 -32767 -32767 -32767 -32767 -32767 -32767 -32767 -32767 -32767 -32767 -32767 -32767 -32767 -32767 -32767 -32767 -32767 -32767 -32767 -32767 -32767 -32767 -32767 -32767 -32767 -32767 -32767 -32767 -32767 -32767 -32767 -32767 3655 3651 3646 3667 3692 3679 3657 3598 3561 3519 3485 3412 -32767 -32767 3260 3409 3569 3527 3543 3555 3577 3574 3569 3562 3538 3552 3574 3560 3546 3539 3551 3535 3849 4498 4392 4390 4657 4898
-32767 -32767 -32767 -32767 -32767 -32767 -32767 -32767 -32767 -32767 -32767 -32767 -32767 -32767 -32767 -32767 -32767 -32767 -32767 -32767 -32767 -32767 -32767 -32767 -32767 -32767 -32767 -32767 -32767 -32767 -32767 -32767 -32767 -32767 -32767 -32767 -32767 -32767 -32767 3663 3672 3657 3656 3655 3693 3697 3633 3553 3469 3547 3450 3409 -32767 -32767 3211 3528 3530 3543 3560 3567 3578 3577 3559 3540 3530 3548 3554 3540 3542 3562 3561 3625 4293 4465 4391 4389 4735 4904
-32767 -32767 -32767 -32767 -32767 -32767 -32767 -32767 -32767 -32767 3544 3521 3508 3497 3493 3527 3572 3601 3628 3654 3659 3664 3717 3764 3737 3697 3697 3722 3670 3662 3670 3659 3657 3622 3662 3675 3662 3651 3642 3659 3676 3666 3681 3671 3698 3672 3565 3497 3578 3529 3478 3214 -32767 -32767 3398 3527 3529 3549 3566 3572 3572 3566 3540 3523 3530 3537 3539 3542 3556 3578 3558 3878 4552 4405 4391 4391 4831 4909
-32767 -32767 -32767 -32767 -32767 -32767 -32767 -32767 -32767 3549 3549 3645 3640 3536 3404 3382 3403 3435 3518 3600 3732 3695 3724 3758 3737 3704 3707 3720 3672 3662 3673 3669 3650 3627 3672 3673 3656 3653 3643 3670 3674 3684 3696 3718 3696 3590 3503 3558 3559 3450 3291 -32767 -32767 3362 3513 3527 3540 3557 3566 3571 3563 3557 3529 3524 3536 3530 3535 3543 3563 3574 3564 4267 4459 4391 4390 4458 4890 4909
-32767 -32767 -32767 -32767 -32767 -32767 -32767 -32767 -32767 3568 3599 3616 3404 3300 3279 3263 3265 3303 3293 3325 3367 3575 3769 3772 3709 3712 3718 3712 3679 3665 3672 3681 3647 3634 3674 3673 3665 3654 3667 3681 3691 3700 3711 3693 3602 3512 3561 3578 3480 3439 -32767 -32767 3485 3490 3517 3526 3545 3563 3571 3570 3556 3555 3535 3543 3552 3557 3533 3541 3561 3569 3873 4481 4393 4392 4395 4603 4899 4916
-32767 -32767 -32767 -32767 -32767 -32767 -32767 -32767 3570 3584 3712 3409 3292 3286 3241 3240 3250 3337 3315 3308 3344 3269 3472 3779 3728 3722 3721 3709 3681 3672 3696 3675 3638 3640 3672 3668 3660 3670 3681 3696 3706 3728 3717 3610 3523 3572 3583 3488 3518 3282 -32767 -32767 3497 3520 3508 3534 3549 3559 3561 3553 3550 3543 3542 3553 3557 3551 3524 3547 3561 3620 4332 4479 4395 4392 4402 4805 4934 4995
-32767 -32767 -32767 -32767 -32767 -32767 -32767 3558 3564 3626 3491 3300 3254 3241 3244 3243 3240 3261 3263 3244 3260 3302 3322 3440 3692 3749 3734 3709 3682 3680 3681 3661 3627 3659 3686 3677 3668 3635 3689 3708 3736 3707 3625 3541 3602 3627 3533 3532 3432 -32767 -32767 3440 3481 3491 3504 3532 3545 3552 3550 3552 3547 3548 3557 3563 3565 3550 3528 3552 3542 3897 4547 4400 4393 4391 4516 4901 5122 5279
-32767 -32767 -32767 -32767 -32767 -32767 3617 3605 3580 3650 3296 3267 3241 3243 3251 3264 3243 3247 3250 3244 3246 3260 3280 3369 3446 3738 3760 3716 3686 3665 3659 3640 3647 3680 3679 3678 3686 3676 3702 3726 3704 3624 3541 3578 3627 3570 3534 3460 -32767 -32767 3254 3424 3435 3463 3490 3512 3522 3527 3538 3544 3545 3549 3566 3569 3573 3559 3610 3616 3666 4289 4455 4378 4384 4401 4768 4967 5236 5294
-32767 -32767 -32767 -32767 -32767 -32767 3622 3616 3673 3505 3316 3242 3243 3243 3246 3261 3242 3243 3244 3245 3248 3250 3238 3383 3411 3463 3688 3760 3676 3655 3643 3652 3677 3692 3672 3705 3691 3708 3723 3712 3642 3606 3596 3630 3593 3539 3470 -32767 -32767 -32767 3462 3445 3437 3453 3466 3480 3492 3503 3530 3536 3537 3554 3571 3584 3609 3583 3534 3615 3953 4537 4386 4380 4385 4590 4913 4971 5172 5296
-32767 -32767 -32767 -32767 -32767 3676 3666 3632 3661 3361 3365 3320 3386 3269 3245 3256 3243 3242 3244 3246 3247 3196 3095 3216 3379 3424 3526 3679 3708 3665 3660 3692 3688 3685 3697 3694 3713 3715 3699 3642 3618 3613 3621 3599 3514 3454 -32767 -32767 -32767 3493 3491 3419 3417 3426 3435 3441 3455 3480 3511 3530 3546 3575 3620 3628 3583 3532 3533 3617 4342 4520 4388 4385 4488 4858 5000 5082 5260 5300
-32767 -32767 -32767 -32767 3708 3676 3667 3709 3646 3498 3556 3360 3294 3255 3239 3239 3241 3243 3245 3247 3246 3142 3060 3121 3264 3412 3453 3535 3624 3739 3699 3708 3678 3687 3708 3700 3700 3680 3643 3631 3617 3620 3582 3468 -32767 -32767 -32767 3342 3467 3506 3443 3408 3392 3409 3410 3415 3434 3463 3488 3520 3549 3628 3584 3556 3527 3542 3544 3907 4521 4392 4391 4393 4729 4916 5074 5309 5314 5314
-32767 -32767 -32767 -32767 3682 3681 3672 3749 3492 3453 3497 3427 3246 3241 3239 3241 3242 3243 3245 3247 3248 3065 3063 3154 3159 3308 3431 3473 3536 3564 3708 3719 3671 3699 3681 3682 3660 3634 3633 3628 3612 3545 3502 -32767 -32767 -32767 3310 3561 3544 3483 3436 3397 3385 3376 3388 3396 3416 3439 3478 3555 3582 3559 3546 3520 3516 3539 3640 4332 4516 4389 4390 4494 4884 4975 5222 5336 5319 5267
-32767 -32767 -32767 3688 3661 3637 3688 3723 3414 3378 3511 3457 3240 3235 3240 3238 3242 3244 3246 3235 3093 3060 3097 3171 3165 3188 3341 3454 3536 3546 3559 3642 3700 3637 3635 3622 3620 3610 3605 3551 -32767 -32767 -32767 -32767 -32767 3448 3496 3575 3528 3511 3428 3409 3390 3366 3381 3403 3420 3487 3562 3547 3506 3518 3527 3498 3516 3527 3925 4560 -32767 4389 4389 4703 4906 4978 5282 5354 5350 5292
-32767 -32767 -32767 3695 3657 3640 3715 3676 3405 3444 3394 3458 3310 3250 3238 3241 3243 3244 3246 3228 3071 3064 3130 3159 3165 3183 3256 3385 3463 3520 3588 3593 3605 3572 3517 3401 3334 -32767 -32767 -32767 -32767 -32767 -32767 3175 3492 3568 3581 3582 3561 3497 3445 3416 3376 3362 3408 3541 3554 3451 3494 3467 3476 3483 3503 3511 3523 3586 4306 4473 4389 4390 4499 4891 4908 5032 5347 5357 5387 5367
-32767 3681 3693 3694 3662 3644 3707 3552 3426 3477 3441 3482 3537 3342 3244 3242 3244 3246 3248 3194 3072 3098 3157 3159 3151 3172 3230 3216 3373 3551 3560 3544 3308 3172 3019 -32767 -32767 -32767 -32767 -32767 3328 3486 3434 3587 3604 3579 3579 3584 3545 3488 3459 3415 3445 3510 3508 3446 3440 3541 3579 3469 3451 3458 3478 3495 3526 3922 4496 -32767 4388 4411 4768 4895 4951 5271 5375 5409 5441 5452
-32767 3671 3693 3690 3660 3609 3640 3492 3439 3511 3480 3439 3579 3549 3321 3244 3245 3247 3240 3209 3075 3138 3169 3157 3141 3181 3113 3116 3479 3514 -32767 -32767 -32767 -32767 -32767 -32767 3377 3391 3312 3503 3558 3552 3590 3600 3612 3605 3571 3566 3529 3496 3466 3507 3532 3455 3431 3480 3595 3591 3601 3556 3453 3453 3469 3491 3608 4361 4529 4382 4386 4578 4877 4922 5088 5338 5357 5454 5538 5565
3641 3656 3668 3669 3643 3590 3626 3476 3508 3539 3522 3469 3495 3626 3552 3279 3245 3245 3242 3052 3088 3152 3181 3162 3069 3204 3187 3529 3502 3434 -32767 -32767 3160 3331 3481 3474 3543 3623 3641 3566 3446 3532 3560 3628 3626 3603 3558 3588 3519 3499 3516 3511 3483 3491 3547 3597 3605 3597 3619 3606 3485 3456 3481 3492 3909 4509 -32767 4380 4433 4825 4893 5045 5327 5292 5335 5427 5631 5679
3640 3654 3654 3644 3634 3588 3608 3417 3520 3576 3540 3514 3463 3561 3668 3506 3264 3212 -32767 3060 3135 3145 3149 3207 3137 3184 3551 3539 3370 -32767 3087 3351 3509 3589 3632 3649 3658 3620 3515 3452 3558 3620 3645 3634 3616 3584 3522 3600 3519 3523 3531 3518 3539 3576 3587 3602 3604 3676 3648 3612 3593 3490 3456 3595 4294 -32767 4379 4394 4621 4869 4949 5168 5342 5342 5377 5568 5714 5726
