example_notebooks/meuse/ahn5m.asc
ncols 624
nrows 832
XLLCORNER 178440
YLLCORNER 329600
cellsize 5.00
nodata_value  9119.0
[rows 384 to 415 of 832, columns 213 to 283 of 624]
3795.0 3821.0 3772.0 3775.0 3736.0 3720.0 3722.0 3726.0 3737.0 3705.0 3748.0 3767.0 3719.0 3773.0 3771.0 3758.0 3723.0 3755.0 3761.0 3735.0 3763.0 3769.0 3781.0 3777.0 3693.0 3709.0 3726.0 3729.0 3738.0 3732.0 3728.0 3733.0 3738.0 3724.0 3724.0 3699.0 3692.0 3686.0 3693.0 3663.0 3660.0 3646.0 3635.0 3613.0 3610.0 3617.0 3618.0 3606.0 3614.0 3647.0 3636.0 3652.0 3667.0 3653.0 3667.0 3680.0 3662.0 3649.0 3641.0 3632.0 3627.0 3623.0 3624.0 3627.0 3631.0 3634.0 3631.0 3631.0 3632.0 3629.0 3623.0
3808.0 3748.0 3749.0 3778.0 3746.0 3712.0 3722.0 3726.0 3729.0 3742.0 3722.0 3731.0 3746.0 3772.0 3775.0 3757.0 3719.0 3730.0 3729.0 3718.0 3726.0 3772.0 3820.0 9119.0 3690.0 3715.0 3712.0 3737.0 3724.0 3722.0 3722.0 3739.0 3729.0 9119.0 9119.0 3750.0 3689.0 3692.0 3698.0 3669.0 3654.0 3658.0 3652.0 3647.0 3659.0 3649.0 3680.0 3675.0 3666.0 3664.0 3658.0 3643.0 3649.0 3626.0 3631.0 3633.0 3638.0 3625.0 3632.0 3627.0 3625.0 3628.0 3628.0 3629.0 3631.0 3635.0 3639.0 3641.0 3641.0 3636.0 3631.0
3820.0 3694.0 3624.0 3612.0 3613.0 3721.0 3723.0 3759.0 3745.0 3740.0 3742.0 3758.0 3768.0 3758.0 3757.0 3754.0 3731.0 3746.0 3745.0 3734.0 3718.0 3702.0 3742.0 9119.0 3685.0 3684.0 3677.0 3760.0 3795.0 3716.0 3713.0 3713.0 3731.0 3705.0 3706.0 3708.0 3695.0 3687.0 3692.0 3675.0 3664.0 3665.0 3665.0 3671.0 3646.0 3639.0 3643.0 3636.0 3627.0 3622.0 3625.0 3627.0 3625.0 3629.0 3631.0 3625.0 3621.0 3615.0 3619.0 3623.0 3627.0 3630.0 3631.0 3635.0 3637.0 3636.0 3639.0 3645.0 3648.0 3641.0 3638.0
3826.0 3711.0 3637.0 3638.0 3619.0 3619.0 3631.0 3738.0 3749.0 3754.0 3760.0 3747.0 3750.0 3751.0 3751.0 3748.0 3752.0 3752.0 3745.0 3742.0 3732.0 3726.0 3723.0 3702.0 3687.0 3677.0 3675.0 3696.0 3725.0 3712.0 3717.0 3724.0 3701.0 3695.0 3700.0 3697.0 3696.0 3683.0 3682.0 3643.0 3624.0 3616.0 3611.0 3615.0 3615.0 3623.0 3628.0 3626.0 3626.0 3631.0 3627.0 3631.0 3644.0 3644.0 3638.0 3636.0 3633.0 3632.0 3620.0 3619.0 3626.0 3630.0 3633.0 3638.0 3640.0 3638.0 3643.0 3643.0 3642.0 3644.0 3643.0
3818.0 3714.0 3650.0 3644.0 3630.0 3623.0 3631.0 3649.0 3701.0 3777.0 3782.0 3755.0 3748.0 3733.0 3740.0 3747.0 3741.0 3757.0 3745.0 3739.0 3731.0 3717.0 3716.0 3726.0 3681.0 3672.0 3674.0 3693.0 3702.0 3700.0 3709.0 3727.0 3708.0 3698.0 3694.0 3678.0 3687.0 3668.0 3651.0 3638.0 3621.0 3616.0 3613.0 3616.0 3617.0 3623.0 3625.0 3632.0 3640.0 3644.0 3639.0 3647.0 3655.0 3650.0 3648.0 3642.0 3640.0 3641.0 3638.0 3631.0 3626.0 3623.0 3630.0 3638.0 3644.0 3638.0 3640.0 3641.0 3642.0 3639.0 3644.0
3812.0 3707.0 3656.0 3652.0 3643.0 3634.0 3635.0 3644.0 3649.0 3669.0 3669.0 3759.0 3748.0 3739.0 3731.0 3726.0 3732.0 3729.0 3729.0 3734.0 3712.0 3708.0 3718.0 3696.0 3690.0 3693.0 3669.0 3688.0 3687.0 3699.0 3693.0 3696.0 3714.0 3716.0 3710.0 3678.0 3654.0 3626.0 3626.0 3629.0 3634.0 3640.0 3639.0 3630.0 3633.0 3631.0 3633.0 3635.0 3641.0 3649.0 3651.0 3652.0 3654.0 3652.0 3653.0 3645.0 3646.0 3644.0 3647.0 3640.0 3637.0 3631.0 3630.0 3630.0 3632.0 3637.0 3638.0 3640.0 3640.0 3642.0 3642.0
3819.0 3768.0 3669.0 3667.0 3655.0 3645.0 3647.0 3644.0 3647.0 3651.0 3661.0 3689.0 3710.0 3740.0 3740.0 3717.0 3717.0 3726.0 3710.0 3709.0 3702.0 3700.0 3695.0 3689.0 3686.0 3680.0 3683.0 3685.0 3691.0 3699.0 3705.0 3730.0 3717.0 3720.0 3718.0 3690.0 3682.0 3654.0 3642.0 3640.0 3662.0 3667.0 3655.0 3651.0 3650.0 3639.0 3641.0 3646.0 3646.0 3651.0 3654.0 3654.0 3654.0 3655.0 3649.0 3650.0 3652.0 3651.0 3647.0 3640.0 3644.0 3640.0 3637.0 3631.0 3631.0 3631.0 3632.0 3635.0 3638.0 3645.0 3644.0
3810.0 3791.0 3685.0 3672.0 3669.0 3675.0 3668.0 3661.0 3652.0 3643.0 3638.0 3654.0 3715.0 3742.0 3729.0 3693.0 3696.0 3719.0 3718.0 3718.0 3723.0 3705.0 3708.0 3735.0 3710.0 3681.0 3681.0 3680.0 3693.0 3694.0 3692.0 3722.0 3725.0 3728.0 3722.0 3723.0 3699.0 3694.0 3655.0 3662.0 3670.0 3664.0 3657.0 3657.0 3651.0 3653.0 3652.0 3652.0 3653.0 3662.0 3659.0 3657.0 3659.0 3649.0 3644.0 3645.0 3649.0 3651.0 3649.0 3648.0 3643.0 3642.0 3641.0 3639.0 3634.0 3629.0 3627.0 3629.0 3634.0 3636.0 3640.0
3799.0 3810.0 3697.0 3680.0 3672.0 3673.0 3679.0 3673.0 3663.0 3659.0 3649.0 3634.0 3629.0 3629.0 3664.0 3655.0 3645.0 3668.0 3710.0 3697.0 3720.0 3714.0 3709.0 3726.0 3729.0 3732.0 3678.0 3671.0 3687.0 3700.0 3696.0 3696.0 3687.0 3693.0 3698.0 3720.0 3705.0 3709.0 3677.0 3675.0 3667.0 3663.0 3690.0 3673.0 3660.0 3660.0 3657.0 3660.0 3664.0 3662.0 3657.0 3650.0 3652.0 3646.0 3645.0 3643.0 3645.0 3643.0 3643.0 3644.0 3649.0 3649.0 3641.0 3643.0 3640.0 3642.0 3638.0 3632.0 3633.0 3636.0 3640.0
3769.0 3820.0 3712.0 3687.0 3683.0 3677.0 3675.0 3677.0 3682.0 3669.0 3657.0 3648.0 3638.0 3626.0 3632.0 3633.0 3639.0 3643.0 3637.0 3675.0 3721.0 3723.0 3709.0 3703.0 3722.0 3665.0 3675.0 3689.0 3700.0 3705.0 3696.0 3701.0 3683.0 3688.0 3684.0 3688.0 3697.0 3686.0 3677.0 3678.0 3677.0 3671.0 3680.0 3678.0 3660.0 3656.0 3660.0 3660.0 3655.0 3658.0 3653.0 3648.0 3644.0 3643.0 3640.0 3642.0 3643.0 3640.0 3641.0 3645.0 3646.0 3651.0 3657.0 3654.0 3648.0 3646.0 3646.0 3645.0 3646.0 3643.0 3642.0
3761.0 3829.0 3762.0 3695.0 3686.0 3681.0 3681.0 3681.0 3679.0 3677.0 3674.0 3658.0 3642.0 3622.0 3616.0 3625.0 3637.0 3645.0 3645.0 3652.0 3656.0 3679.0 3701.0 3684.0 3677.0 3713.0 3690.0 9119.0 3699.0 3700.0 3698.0 3686.0 3684.0 3692.0 3713.0 3687.0 3695.0 3693.0 3688.0 9119.0 3680.0 3677.0 3679.0 3691.0 3681.0 3663.0 3656.0 3657.0 3656.0 3657.0 3656.0 3647.0 3639.0 3639.0 3645.0 3635.0 3637.0 3636.0 3644.0 3647.0 3651.0 3658.0 3670.0 3671.0 3660.0 3653.0 3647.0 3658.0 3655.0 3652.0 3656.0
3762.0 3824.0 3803.0 3740.0 3690.0 3682.0 3682.0 3683.0 3680.0 3677.0 3677.0 3674.0 3658.0 3643.0 3627.0 3625.0 3633.0 3642.0 3651.0 3660.0 3658.0 3662.0 3671.0 3660.0 3670.0 3682.0 3687.0 3686.0 3691.0 3703.0 3697.0 3693.0 3686.0 3681.0 3677.0 9119.0 3710.0 3695.0 3695.0 3701.0 9119.0 3674.0 3705.0 3788.0 3737.0 3774.0 3669.0 3649.0 3652.0 3654.0 3655.0 3648.0 3644.0 3641.0 3643.0 3639.0 3642.0 3638.0 3645.0 3650.0 3660.0 3668.0 3676.0 3672.0 3665.0 3663.0 3661.0 3660.0 3659.0 3663.0 3662.0
3689.0 3800.0 3828.0 3729.0 3687.0 3686.0 3686.0 3684.0 3682.0 3675.0 3672.0 3672.0 3667.0 3658.0 3649.0 3641.0 3634.0 3636.0 3652.0 3654.0 3653.0 3649.0 3648.0 3634.0 3642.0 3658.0 3662.0 3686.0 3698.0 3693.0 3693.0 3704.0 3725.0 3706.0 3677.0 9119.0 9119.0 3765.0 3702.0 3705.0 3709.0 3708.0 3773.0 3791.0 9119.0 3734.0 3734.0 9119.0 9119.0 3651.0 3651.0 3650.0 3648.0 3641.0 3645.0 3642.0 3643.0 3650.0 3654.0 3665.0 3670.0 3674.0 3676.0 3669.0 3667.0 3662.0 3669.0 3668.0 3666.0 3665.0 3662.0
3673.0 3802.0 3843.0 3779.0 3682.0 3684.0 3689.0 3688.0 3687.0 3675.0 3668.0 3667.0 3672.0 3673.0 3672.0 3660.0 3649.0 3645.0 3648.0 3662.0 3647.0 3636.0 3626.0 3630.0 3650.0 3641.0 3672.0 3686.0 3684.0 3701.0 3696.0 3711.0 3726.0 3725.0 3726.0 3736.0 9119.0 3755.0 3713.0 3702.0 3705.0 3705.0 3706.0 3706.0 9119.0 9119.0 9119.0 9119.0 9119.0 3716.0 3657.0 3652.0 3652.0 3649.0 3652.0 3648.0 3650.0 3659.0 3665.0 3676.0 3682.0 3685.0 3678.0 3670.0 3665.0 3664.0 3666.0 3666.0 3671.0 3672.0 3674.0
3648.0 3709.0 3830.0 3848.0 3770.0 3694.0 3685.0 3685.0 3683.0 3679.0 3671.0 3669.0 3678.0 3675.0 3680.0 3682.0 3669.0 3665.0 3653.0 3640.0 3633.0 3617.0 3609.0 3616.0 3648.0 3672.0 3685.0 3743.0 9119.0 3715.0 3700.0 3706.0 3721.0 3730.0 3723.0 3729.0 3740.0 3828.0 9119.0 3701.0 3702.0 3703.0 3706.0 3706.0 9119.0 9119.0 9119.0 9119.0 9119.0 3872.0 3813.0 3690.0 3691.0 3662.0 3659.0 3653.0 3661.0 3664.0 3673.0 3676.0 3684.0 3685.0 3678.0 3670.0 3666.0 3663.0 3666.0 3666.0 3670.0 3672.0 3680.0
3660.0 3678.0 3716.0 3832.0 3832.0 3732.0 3676.0 3677.0 3678.0 3671.0 3673.0 3679.0 3672.0 3675.0 3676.0 3680.0 3681.0 3668.0 3657.0 3633.0 3616.0 3612.0 3622.0 3646.0 3657.0 3673.0 3701.0 3728.0 3702.0 3714.0 3719.0 3703.0 3730.0 3737.0 3730.0 3725.0 3743.0 3706.0 9119.0 9119.0 3707.0 3706.0 3710.0 9119.0 9119.0 9119.0 9119.0 9119.0 9119.0 3707.0 3691.0 3684.0 3684.0 3685.0 3668.0 3659.0 3671.0 3671.0 3677.0 3684.0 3687.0 3685.0 3674.0 3670.0 3666.0 3669.0 3668.0 3666.0 3667.0 3669.0 3679.0
3666.0 3674.0 3685.0 3806.0 3845.0 3845.0 3726.0 3662.0 3674.0 3679.0 3674.0 3679.0 3681.0 3682.0 3678.0 3677.0 3678.0 3661.0 3643.0 3610.0 3617.0 3630.0 3646.0 3655.0 3667.0 3702.0 3706.0 3718.0 3707.0 3736.0 3717.0 3698.0 3714.0 3722.0 3699.0 3720.0 3710.0 3704.0 3702.0 3714.0 3705.0 3705.0 3708.0 9119.0 9119.0 9119.0 9119.0 9119.0 9119.0 3684.0 3684.0 3686.0 3684.0 3688.0 3685.0 3671.0 3674.0 3671.0 3672.0 3683.0 3684.0 3678.0 3678.0 3669.0 3665.0 3665.0 3667.0 3672.0 3666.0 3673.0 3683.0
3663.0 3674.0 3677.0 3698.0 3799.0 3842.0 3801.0 3695.0 3670.0 3675.0 3682.0 3684.0 3681.0 3684.0 3679.0 3676.0 3659.0 3641.0 3625.0 3619.0 3625.0 3642.0 3641.0 3654.0 3679.0 3705.0 3715.0 3721.0 3715.0 3697.0 3714.0 3706.0 3720.0 3697.0 3702.0 3710.0 3684.0 3700.0 3695.0 3693.0 3701.0 3706.0 3709.0 3708.0 3711.0 3711.0 9119.0 9119.0 9119.0 3695.0 3688.0 3684.0 3687.0 3689.0 3688.0 3684.0 3675.0 3671.0 3676.0 3678.0 3675.0 3676.0 3672.0 3670.0 3673.0 3671.0 3670.0 3669.0 3674.0 3678.0 3682.0
3659.0 3680.0 3678.0 3681.0 3721.0 3782.0 3850.0 3802.0 3699.0 3678.0 3685.0 3690.0 3687.0 3680.0 3668.0 3658.0 3644.0 3625.0 3622.0 3624.0 3649.0 3661.0 3660.0 3664.0 3666.0 3678.0 3711.0 3725.0 3722.0 3721.0 3716.0 3706.0 3714.0 3696.0 3696.0 3711.0 9119.0 9119.0 3692.0 3690.0 3716.0 3713.0 3713.0 3710.0 3709.0 3707.0 3704.0 9119.0 9119.0 3709.0 3707.0 3701.0 3699.0 3690.0 3693.0 3694.0 3688.0 3684.0 3672.0 3672.0 3673.0 3676.0 3672.0 3671.0 3671.0 3675.0 3676.0 3675.0 3677.0 3681.0 3683.0
3666.0 3674.0 3672.0 3680.0 3689.0 3696.0 3784.0 3833.0 3764.0 3692.0 3682.0 3686.0 3685.0 3670.0 3651.0 3635.0 3628.0 3641.0 3631.0 3656.0 3668.0 3670.0 3676.0 3680.0 3680.0 3678.0 3692.0 3719.0 3720.0 3722.0 3722.0 3710.0 3715.0 3720.0 3711.0 3700.0 3693.0 9119.0 3695.0 3694.0 3705.0 3744.0 3705.0 9119.0 3707.0 3706.0 3702.0 3698.0 3705.0 3704.0 3710.0 3710.0 3703.0 3694.0 3694.0 3696.0 3683.0 3688.0 3686.0 3681.0 3678.0 3676.0 3674.0 3675.0 3673.0 3670.0 3675.0 3679.0 3686.0 3684.0 3684.0
3672.0 3668.0 3670.0 3666.0 3668.0 3684.0 3713.0 3797.0 3848.0 3758.0 3687.0 3681.0 3671.0 3656.0 3641.0 3623.0 3593.0 3650.0 3662.0 3677.0 3678.0 3678.0 3689.0 3681.0 3699.0 3688.0 3743.0 3749.0 3724.0 3719.0 3724.0 3717.0 3724.0 3722.0 3709.0 3692.0 3691.0 3690.0 9119.0 9119.0 3709.0 3706.0 3746.0 9119.0 9119.0 9119.0 9119.0 3713.0 3707.0 3708.0 3715.0 3714.0 3726.0 3724.0 3710.0 3700.0 3695.0 3684.0 3675.0 3677.0 3686.0 3676.0 3672.0 3674.0 3674.0 3675.0 3677.0 3681.0 3684.0 3688.0 3692.0
3667.0 3667.0 3667.0 3662.0 3662.0 3673.0 3679.0 3718.0 3830.0 3781.0 3690.0 3669.0 3651.0 3642.0 3632.0 3635.0 3648.0 3667.0 3676.0 3679.0 3681.0 3679.0 3680.0 3676.0 3686.0 3692.0 3720.0 3751.0 3753.0 3738.0 3737.0 3721.0 3709.0 3719.0 3698.0 3693.0 3693.0 3689.0 9119.0 9119.0 9119.0 9119.0 3740.0 3698.0 3696.0 3702.0 3721.0 3714.0 3706.0 3710.0 3715.0 9119.0 3722.0 3744.0 3725.0 3722.0 3715.0 3700.0 3696.0 3681.0 3679.0 3680.0 3679.0 3675.0 3672.0 3678.0 3680.0 3681.0 3685.0 3687.0 3691.0
3670.0 3667.0 3664.0 3666.0 3668.0 3672.0 3679.0 3690.0 3714.0 3737.0 3674.0 3649.0 3636.0 3626.0 3635.0 3654.0 3670.0 3671.0 3673.0 3682.0 3696.0 3676.0 3679.0 3684.0 3675.0 3675.0 3708.0 3744.0 9119.0 3767.0 3741.0 3728.0 3714.0 3699.0 3694.0 3694.0 3693.0 9119.0 9119.0 9119.0 9119.0 9119.0 9119.0 3698.0 3718.0 3709.0 3710.0 3705.0 3703.0 3716.0 3727.0 9119.0 9119.0 3755.0 3740.0 3733.0 3730.0 3723.0 3712.0 3681.0 3683.0 3684.0 3684.0 3683.0 3681.0 3679.0 3682.0 3685.0 3686.0 3687.0 3688.0
3678.0 3661.0 3663.0 3665.0 3669.0 3681.0 3693.0 3705.0 3696.0 3686.0 3651.0 3636.0 3627.0 3629.0 3660.0 3669.0 3671.0 3672.0 3675.0 3682.0 3680.0 3691.0 3673.0 3676.0 3684.0 3686.0 3741.0 3742.0 3752.0 3760.0 3759.0 3739.0 3720.0 3708.0 3705.0 3699.0 3696.0 3702.0 9119.0 9119.0 9119.0 9119.0 9119.0 9119.0 3699.0 3700.0 3710.0 3705.0 3720.0 3721.0 3725.0 3724.0 3725.0 9119.0 9119.0 3735.0 3739.0 3730.0 3712.0 3689.0 3677.0 3683.0 3687.0 3686.0 3687.0 3689.0 3686.0 3686.0 3689.0 3691.0 3690.0
3703.0 3669.0 3668.0 3667.0 3675.0 3701.0 3700.0 3714.0 3687.0 3657.0 3637.0 3629.0 3636.0 3663.0 3668.0 3671.0 3671.0 3669.0 3677.0 3669.0 3666.0 3668.0 3675.0 3676.0 3681.0 3687.0 3747.0 3748.0 3752.0 3744.0 3744.0 3753.0 3730.0 3715.0 3704.0 3708.0 3696.0 3702.0 3714.0 3717.0 3714.0 9119.0 9119.0 9119.0 9119.0 3784.0 3769.0 3699.0 3699.0 3700.0 3712.0 3713.0 3725.0 3722.0 3727.0 3727.0 3727.0 3717.0 3698.0 3679.0 3677.0 3682.0 3679.0 3696.0 3690.0 3692.0 3694.0 3693.0 3685.0 3688.0 3688.0
3786.0 3759.0 3683.0 3676.0 3719.0 3718.0 3706.0 3699.0 3687.0 3640.0 3628.0 3634.0 3654.0 3667.0 3671.0 3673.0 3674.0 3667.0 3664.0 3664.0 3668.0 3666.0 3670.0 3676.0 3680.0 3675.0 3678.0 3730.0 3730.0 3736.0 3713.0 3736.0 3738.0 3722.0 3720.0 3701.0 3689.0 3698.0 3712.0 3713.0 3716.0 3709.0 9119.0 9119.0 9119.0 3689.0 3709.0 3704.0 3675.0 3675.0 3688.0 3697.0 3714.0 3720.0 3730.0 3729.0 3725.0 3708.0 3690.0 3680.0 3685.0 3685.0 3686.0 3692.0 3689.0 3693.0 3697.0 3697.0 3696.0 3691.0 3683.0
3716.0 3763.0 3753.0 3736.0 3760.0 3743.0 3701.0 3710.0 3644.0 3631.0 3625.0 3640.0 3648.0 3658.0 3670.0 3677.0 3692.0 3670.0 3667.0 3669.0 3672.0 3672.0 3675.0 3671.0 3669.0 3679.0 3684.0 3682.0 3705.0 3710.0 3700.0 3702.0 3729.0 3747.0 3733.0 3705.0 3701.0 3699.0 3709.0 3709.0 3721.0 3726.0 3757.0 3731.0 3718.0 3693.0 3681.0 3675.0 3665.0 3672.0 3674.0 3675.0 3693.0 3711.0 3717.0 3723.0 3722.0 3704.0 3690.0 3688.0 3692.0 3690.0 3692.0 3694.0 3692.0 3695.0 3699.0 3703.0 3693.0 3697.0 3695.0
3640.0 3668.0 3748.0 3803.0 3826.0 3825.0 3719.0 3647.0 3620.0 3620.0 3634.0 3643.0 3662.0 3667.0 3662.0 3667.0 3672.0 3675.0 3679.0 3681.0 3683.0 3681.0 3675.0 3672.0 3664.0 3661.0 3674.0 3685.0 3687.0 3690.0 3703.0 3708.0 3708.0 3753.0 3744.0 3736.0 3728.0 3704.0 3711.0 3720.0 3724.0 3753.0 3756.0 3731.0 9119.0 3687.0 3680.0 3673.0 3665.0 3666.0 3665.0 3668.0 3681.0 3686.0 3699.0 3713.0 3708.0 3692.0 3690.0 3696.0 3697.0 3698.0 3705.0 3696.0 3695.0 3699.0 3701.0 3695.0 3698.0 3701.0 3699.0
3669.0 3636.0 3662.0 3777.0 3823.0 3837.0 3732.0 3632.0 3615.0 3624.0 3620.0 3638.0 3656.0 3674.0 3676.0 3670.0 3661.0 3673.0 3683.0 3691.0 3689.0 3682.0 3676.0 3669.0 3664.0 3664.0 3671.0 3673.0 3686.0 3694.0 3695.0 3705.0 3733.0 3734.0 3750.0 3746.0 3743.0 3727.0 3715.0 3724.0 3735.0 9119.0 9119.0 9119.0 9119.0 3683.0 3674.0 3668.0 3666.0 3665.0 3666.0 3662.0 3670.0 3681.0 3689.0 3697.0 3695.0 3691.0 3694.0 3706.0 3712.0 3707.0 3702.0 3696.0 3703.0 3699.0 3699.0 3702.0 3698.0 3699.0 3698.0
3673.0 3671.0 3675.0 3744.0 3766.0 3809.0 3841.0 3729.0 3677.0 3655.0 3621.0 3625.0 3649.0 3678.0 3678.0 3677.0 3676.0 3677.0 3682.0 3692.0 3688.0 3683.0 3675.0 3665.0 3661.0 3661.0 3668.0 3673.0 3677.0 3687.0 3697.0 3715.0 3705.0 3725.0 3756.0 3746.0 3748.0 3739.0 3733.0 3733.0 3739.0 9119.0 9119.0 9119.0 9119.0 3674.0 3670.0 3670.0 3666.0 3667.0 3670.0 3674.0 3674.0 3677.0 3689.0 3693.0 3688.0 3688.0 3696.0 3700.0 3702.0 3708.0 3705.0 3703.0 3700.0 3700.0 3701.0 3701.0 3700.0 3694.0 3695.0
3667.0 3670.0 3670.0 3700.0 3708.0 3735.0 3777.0 3849.0 3821.0 3737.0 3667.0 3625.0 3641.0 3660.0 3671.0 3681.0 3692.0 3699.0 3700.0 3691.0 3684.0 3679.0 3679.0 3673.0 3666.0 3659.0 3661.0 3668.0 3676.0 3681.0 3687.0 3699.0 3706.0 3708.0 3740.0 3748.0 3756.0 3749.0 3727.0 3731.0 3731.0 3745.0 3728.0 3721.0 3686.0 3678.0 3679.0 3680.0 3675.0 3675.0 3677.0 3678.0 3678.0 3682.0 3681.0 3683.0 3689.0 3685.0 3684.0 3685.0 3693.0 3698.0 3704.0 3711.0 3711.0 3708.0 3703.0 3697.0 3698.0 3695.0 3698.0
3665.0 3665.0 3662.0 3669.0 3673.0 3685.0 3695.0 3752.0 3792.0 3839.0 3810.0 3713.0 3713.0 3665.0 3669.0 3689.0 3698.0 3705.0 3705.0 3696.0 3687.0 3677.0 3669.0 3674.0 3669.0 3662.0 3658.0 3667.0 3671.0 3676.0 3683.0 3690.0 3695.0 3710.0 3740.0 3757.0 3746.0 3703.0 3705.0 3712.0 3731.0 3733.0 3725.0 3723.0 3683.0 3678.0 3685.0 3689.0 3687.0 3690.0 3684.0 3685.0 3678.0 3682.0 3684.0 3682.0 3684.0 3687.0 3687.0 3687.0 3684.0 3697.0 3701.0 3706.0 3712.0 3712.0 3708.0 3701.0 3695.0 3692.0 3691.0
