example_notebooks/meuse/ahn5m.asc
ncols 624
nrows 832
XLLCORNER 178440
YLLCORNER 329600
cellsize 5.00
nodata_value  9119.0
[rows 576 to 607 of 832, columns 497 to 567 of 624]
4802.0 5001.0 5106.0 5100.0 5123.0 5205.0 5238.0 5227.0 5164.0 5189.0 5249.0 5333.0 5336.0 5357.0 5416.0 5429.0 5464.0 5501.0 5556.0 5552.0 5573.0 5587.0 5587.0 5564.0 5570.0 5515.0 5862.0 5719.0 5738.0 5762.0 5770.0 5784.0 5810.0 5863.0 5871.0 5852.0 5873.0 5935.0 6152.0 6495.0 5985.0 5769.0 5770.0 5870.0 5957.0 5893.0 5804.0 5828.0 5807.0 5821.0 5837.0 5851.0 5863.0 5917.0 5981.0 6000.0 6184.0 5927.0 5891.0 5908.0 5976.0 5970.0 6634.0 5992.0 6151.0 6155.0 6169.0 5894.0 5851.0 5813.0 5821.0
4848.0 5050.0 5131.0 5637.0 5354.0 5229.0 5233.0 5236.0 5171.0 5197.0 5223.0 5346.0 5301.0 5356.0 5404.0 5456.0 5478.0 5627.0 5606.0 5968.0 5620.0 5673.0 5814.0 5726.0 5874.0 5843.0 5589.0 5814.0 5779.0 5862.0 5949.0 5817.0 5855.0 6007.0 5845.0 5849.0 5913.0 6132.0 6267.0 6523.0 5834.0 5766.0 6011.0 6509.0 6575.0 6257.0 6264.0 5864.0 5820.0 5846.0 5977.0 5905.0 5897.0 5876.0 5869.0 5874.0 5889.0 5957.0 5905.0 6075.0 6268.0 6287.0 6454.0 5946.0 5923.0 6449.0 6304.0 5953.0 5845.0 5822.0 5834.0
4912.0 5055.0 5091.0 5440.0 5833.0 5522.0 5285.0 5210.0 5182.0 5204.0 5257.0 5284.0 5290.0 5326.0 5377.0 5457.0 5504.0 5557.0 5630.0 5729.0 5852.0 5845.0 5645.0 5664.0 5732.0 5753.0 5841.0 5626.0 5840.0 5855.0 5880.0 5887.0 6013.0 6035.0 5942.0 5872.0 5896.0 5857.0 6116.0 6187.0 5845.0 5774.0 5912.0 5843.0 5851.0 5839.0 6247.0 6037.0 5981.0 5935.0 5945.0 6540.0 5971.0 5984.0 5880.0 5871.0 5873.0 5868.0 5865.0 5881.0 5865.0 5877.0 5888.0 5895.0 6002.0 6009.0 6398.0 6145.0 5844.0 5834.0 5845.0
5074.0 5175.0 5251.0 5451.0 5906.0 5723.0 5289.0 5205.0 5182.0 5400.0 5502.0 5521.0 5444.0 5372.0 5394.0 5414.0 5644.0 5528.0 5841.0 6114.0 6215.0 6122.0 5630.0 5666.0 5689.0 5788.0 5746.0 5609.0 5884.0 5880.0 5877.0 5880.0 5883.0 5920.0 5883.0 5887.0 6064.0 6127.0 6034.0 5837.0 5802.0 5773.0 6072.0 6062.0 5924.0 5914.0 6046.0 6042.0 6209.0 6180.0 6300.0 6860.0 6467.0 5897.0 5892.0 5880.0 6034.0 5887.0 5876.0 5864.0 5861.0 5861.0 5861.0 5858.0 5897.0 5930.0 5899.0 5879.0 5845.0 5850.0 5874.0
5048.0 5066.0 5146.0 5471.0 5871.0 5638.0 5284.0 5192.0 5195.0 5341.0 5693.0 6053.0 5909.0 5651.0 5456.0 5432.0 5443.0 5506.0 5616.0 5978.0 6101.0 5957.0 5688.0 5664.0 5716.0 5739.0 5767.0 5745.0 5691.0 5861.0 5870.0 5874.0 5885.0 5899.0 5876.0 5878.0 5883.0 6045.0 6345.0 5922.0 5821.0 5788.0 5819.0 5911.0 5957.0 5915.0 5905.0 5927.0 5968.0 6237.0 6114.0 6593.0 6144.0 5944.0 5896.0 5882.0 5920.0 5961.0 5949.0 6027.0 5930.0 5872.0 5866.0 5862.0 5858.0 5855.0 5863.0 5846.0 5853.0 5843.0 5911.0
5078.0 5070.0 5249.0 5638.0 5767.0 5368.0 5279.0 5195.0 5348.0 5468.0 5482.0 6209.0 6192.0 6056.0 5470.0 5536.0 5450.0 5498.0 5584.0 5678.0 5914.0 5859.0 5925.0 5745.0 5749.0 5791.0 5780.0 5772.0 5694.0 5857.0 6020.0 6045.0 6510.0 6180.0 5881.0 5881.0 6037.0 6267.0 6495.0 6377.0 5829.0 5788.0 5822.0 5886.0 5906.0 5947.0 5886.0 5914.0 6046.0 6235.0 6290.0 6843.0 6473.0 5937.0 6005.0 5889.0 5903.0 5896.0 6311.0 6640.0 6046.0 6397.0 5991.0 5939.0 5936.0 5894.0 5868.0 5857.0 5857.0 5853.0 5855.0
4978.0 5047.0 5078.0 5215.0 5185.0 5761.0 5605.0 5208.0 5427.0 5502.0 5514.0 5824.0 6199.0 5621.0 5464.0 5525.0 5460.0 5572.0 5577.0 5662.0 5781.0 5884.0 6146.0 5909.0 5762.0 5772.0 5791.0 5791.0 5809.0 5732.0 6134.0 6005.0 6415.0 6243.0 6079.0 5987.0 6389.0 5910.0 5914.0 5987.0 5812.0 5810.0 5825.0 5874.0 5921.0 5947.0 5912.0 5973.0 5977.0 6005.0 6325.0 6854.0 6526.0 5934.0 5936.0 5898.0 5900.0 5993.0 6528.0 6453.0 5977.0 6500.0 6589.0 6591.0 6541.0 6003.0 5979.0 5896.0 5896.0 5875.0 5876.0
5026.0 5453.0 5131.0 5135.0 5180.0 5178.0 5217.0 5235.0 5551.0 5364.0 5383.0 5769.0 6154.0 5799.0 5519.0 5732.0 5475.0 5485.0 5714.0 5733.0 5689.0 6028.0 6228.0 5880.0 5768.0 5786.0 5830.0 5816.0 5832.0 5822.0 5806.0 5903.0 5907.0 5930.0 6124.0 6126.0 5929.0 5913.0 5920.0 5907.0 5810.0 5829.0 6297.0 6407.0 6085.0 6024.0 6002.0 6062.0 5998.0 6148.0 6145.0 6254.0 6120.0 5939.0 5933.0 5902.0 5908.0 5985.0 6419.0 6173.0 6156.0 6028.0 6088.0 6212.0 6337.0 6038.0 6583.0 6280.0 6185.0 6136.0 5946.0
5078.0 5113.0 5125.0 5185.0 5335.0 5419.0 5494.0 5372.0 5413.0 5437.0 5643.0 5725.0 5487.0 5741.0 5525.0 5489.0 5498.0 5487.0 5633.0 5631.0 5677.0 5888.0 6249.0 6020.0 5758.0 5798.0 5839.0 5855.0 5871.0 5860.0 5770.0 5869.0 5908.0 5906.0 5916.0 5931.0 6412.0 6562.0 5923.0 6007.0 5836.0 5969.0 6312.0 6390.0 5935.0 6003.0 5988.0 5979.0 5982.0 6014.0 5956.0 6042.0 6012.0 5936.0 5933.0 5922.0 5903.0 5937.0 5928.0 6046.0 6044.0 5966.0 5988.0 5954.0 5926.0 6022.0 6296.0 6192.0 6571.0 6369.0 6445.0
5100.0 5142.0 5146.0 5302.0 5193.0 5209.0 5254.0 5289.0 5396.0 5435.0 5477.0 5595.0 5725.0 5465.0 5539.0 5609.0 5513.0 5502.0 5529.0 5623.0 6093.0 6340.0 6377.0 5988.0 5740.0 5807.0 5947.0 5877.0 5882.0 5877.0 5861.0 5825.0 6166.0 5911.0 5911.0 5916.0 6497.0 6503.0 5953.0 6159.0 5851.0 6009.0 6210.0 6007.0 6033.0 6016.0 5989.0 5983.0 5977.0 5994.0 5957.0 6177.0 6640.0 6015.0 5931.0 5933.0 5907.0 5912.0 5938.0 6189.0 6636.0 5976.0 6017.0 6052.0 5961.0 6127.0 6198.0 6214.0 6241.0 6063.0 6293.0
5262.0 5165.0 5159.0 5248.0 5194.0 5217.0 5236.0 5278.0 5319.0 5351.0 5387.0 5451.0 5745.0 5535.0 5593.0 5589.0 5502.0 5505.0 5521.0 5630.0 5885.0 6226.0 6099.0 5787.0 5757.0 5829.0 5851.0 5894.0 5864.0 5867.0 5876.0 5847.0 5827.0 5950.0 5975.0 5913.0 6020.0 5899.0 5888.0 5848.0 5859.0 5942.0 6630.0 6435.0 5882.0 6067.0 6048.0 6006.0 6008.0 5982.0 5967.0 6153.0 6480.0 6045.0 5950.0 5934.0 5917.0 5913.0 5933.0 6443.0 6488.0 5975.0 6150.0 5977.0 6021.0 5934.0 5936.0 6113.0 6049.0 5941.0 5991.0
5092.0 5166.0 5175.0 5302.0 5213.0 5222.0 5247.0 5292.0 5332.0 5368.0 5409.0 5462.0 6093.0 5713.0 5512.0 5567.0 5629.0 5549.0 5542.0 5609.0 5700.0 5736.0 5922.0 5792.0 6003.0 5894.0 5876.0 5877.0 5886.0 5868.0 5866.0 5867.0 5819.0 6008.0 6230.0 6196.0 5966.0 5948.0 5865.0 5840.0 5849.0 5900.0 6030.0 5890.0 6102.0 5997.0 6012.0 6006.0 6022.0 5994.0 5976.0 5999.0 6134.0 6571.0 6098.0 5948.0 5948.0 5914.0 5941.0 5954.0 5985.0 6280.0 6195.0 5975.0 5969.0 6106.0 5958.0 5931.0 5928.0 6049.0 6207.0
5143.0 5174.0 5185.0 5227.0 5211.0 5233.0 5275.0 5318.0 5353.0 5369.0 5440.0 5549.0 5993.0 5864.0 5681.0 5858.0 6076.0 5692.0 5557.0 5737.0 5803.0 5851.0 5770.0 5792.0 5831.0 5838.0 5855.0 5905.0 5893.0 5884.0 5880.0 5891.0 5843.0 5914.0 5966.0 6347.0 6478.0 6032.0 5854.0 5842.0 5882.0 6426.0 6539.0 6122.0 5995.0 6024.0 6005.0 6223.0 6128.0 6008.0 6041.0 6171.0 5982.0 6496.0 6562.0 5955.0 5928.0 5923.0 5915.0 5931.0 6400.0 6631.0 6196.0 5966.0 5962.0 5948.0 5965.0 5936.0 5934.0 5965.0 6409.0
5176.0 5185.0 5205.0 5300.0 5234.0 5258.0 5292.0 5319.0 5349.0 5379.0 5425.0 5462.0 5499.0 5516.0 5503.0 5517.0 5832.0 5877.0 5616.0 5600.0 5724.0 5918.0 5948.0 5791.0 5910.0 5891.0 6067.0 5951.0 5884.0 6007.0 5949.0 5909.0 5845.0 5928.0 5916.0 6087.0 6324.0 5924.0 5855.0 5856.0 5886.0 5986.0 6064.0 5915.0 6004.0 6008.0 6004.0 6305.0 6188.0 6032.0 6011.0 6139.0 6005.0 6032.0 6505.0 6053.0 5971.0 5927.0 5926.0 5930.0 5984.0 6050.0 6157.0 6137.0 6073.0 5946.0 5950.0 6011.0 6084.0 5960.0 6042.0
5155.0 5188.0 5205.0 5228.0 5251.0 5391.0 5359.0 5345.0 5369.0 5417.0 5480.0 5679.0 5713.0 5504.0 5505.0 5701.0 6212.0 6284.0 5648.0 5627.0 5873.0 6174.0 5961.0 5777.0 6024.0 6407.0 6345.0 5995.0 5870.0 6408.0 6432.0 6403.0 5912.0 5930.0 5890.0 5848.0 5899.0 5872.0 5855.0 5910.0 5946.0 6583.0 6123.0 6125.0 6131.0 6036.0 6046.0 6045.0 6026.0 6064.0 6042.0 6105.0 6213.0 6037.0 6137.0 6670.0 6162.0 5940.0 5929.0 5928.0 5944.0 6121.0 6649.0 6344.0 6122.0 5953.0 5959.0 6104.0 6162.0 6145.0 6015.0
5141.0 5192.0 5218.0 5240.0 5276.0 5342.0 5313.0 5337.0 5370.0 5409.0 5451.0 5525.0 5587.0 5601.0 5644.0 5757.0 6201.0 5744.0 5659.0 5655.0 5737.0 5717.0 5750.0 5780.0 6070.0 6392.0 6283.0 5918.0 6033.0 6518.0 6332.0 6002.0 5934.0 5921.0 5863.0 5853.0 5858.0 5855.0 5871.0 6211.0 6079.0 6405.0 6224.0 6001.0 6015.0 6031.0 6039.0 6011.0 6019.0 6063.0 6050.0 6331.0 6306.0 5983.0 6235.0 6556.0 6326.0 5952.0 5939.0 5932.0 5941.0 6054.0 6171.0 6074.0 5999.0 5946.0 5938.0 6047.0 6086.0 6153.0 5982.0
5167.0 5201.0 5238.0 5252.0 5354.0 5300.0 5416.0 5347.0 5375.0 5409.0 5449.0 5495.0 5513.0 5540.0 5584.0 5604.0 6128.0 6303.0 5953.0 5659.0 5684.0 5695.0 5715.0 5737.0 5801.0 5801.0 5822.0 5830.0 5895.0 5855.0 5869.0 6035.0 5900.0 6112.0 6209.0 5975.0 5874.0 5857.0 6092.0 6467.0 6412.0 6272.0 6083.0 6051.0 6115.0 6104.0 6043.0 6015.0 6013.0 6006.0 5999.0 6014.0 6263.0 6047.0 6171.0 6143.0 6338.0 6408.0 5967.0 5933.0 5931.0 5957.0 5962.0 5972.0 6022.0 5962.0 5952.0 6033.0 5938.0 6150.0 6166.0
5177.0 5222.0 5252.0 5270.0 5287.0 5303.0 5528.0 5372.0 5381.0 5412.0 5450.0 5505.0 5521.0 5591.0 5689.0 5677.0 5701.0 5850.0 5816.0 5673.0 5691.0 5700.0 5719.0 5732.0 5747.0 5765.0 5779.0 5792.0 5795.0 5815.0 5840.0 6031.0 5897.0 6210.0 6671.0 6453.0 5866.0 5862.0 6231.0 6221.0 6390.0 6476.0 6503.0 6161.0 6143.0 6031.0 6017.0 6014.0 6014.0 6013.0 6009.0 6004.0 6021.0 6030.0 6007.0 6056.0 6328.0 6687.0 6000.0 5948.0 5937.0 5946.0 5956.0 6001.0 6102.0 6273.0 6284.0 5994.0 5924.0 6098.0 6175.0
5177.0 5219.0 5253.0 5262.0 5278.0 5305.0 5342.0 5357.0 5389.0 5421.0 5451.0 5491.0 5551.0 5793.0 6032.0 6100.0 5664.0 6159.0 6267.0 5674.0 5686.0 5698.0 5780.0 5900.0 5817.0 5824.0 5810.0 5813.0 5806.0 5807.0 5807.0 5817.0 5830.0 5947.0 6067.0 5909.0 5857.0 5866.0 5908.0 5913.0 5925.0 6429.0 6474.0 6173.0 6016.0 6018.0 6011.0 6008.0 6003.0 6003.0 5996.0 5995.0 5998.0 6008.0 5996.0 6011.0 6263.0 6095.0 6057.0 5972.0 5945.0 5940.0 5996.0 5963.0 6447.0 6467.0 6020.0 5934.0 5921.0 5926.0 5914.0
5161.0 5356.0 5322.0 5265.0 5371.0 5428.0 5343.0 5358.0 5397.0 5431.0 5459.0 5490.0 5522.0 5557.0 5944.0 6073.0 5639.0 5829.0 5772.0 5661.0 5689.0 5707.0 6007.0 6493.0 6241.0 5967.0 5998.0 6466.0 5915.0 5897.0 5977.0 5963.0 5910.0 5848.0 5842.0 5849.0 5862.0 5933.0 6554.0 6396.0 6340.0 6466.0 6322.0 6100.0 6014.0 6012.0 6005.0 6000.0 5994.0 5993.0 5993.0 5986.0 5998.0 6001.0 6003.0 6007.0 6150.0 6222.0 6580.0 6050.0 5953.0 5936.0 5973.0 5971.0 6589.0 6399.0 5964.0 5933.0 5916.0 5903.0 6008.0
5089.0 5368.0 5399.0 5435.0 5310.0 5380.0 5344.0 5366.0 5421.0 5434.0 5469.0 5526.0 5649.0 5572.0 5913.0 6031.0 5853.0 6134.0 6178.0 5683.0 5688.0 5901.0 6332.0 6121.0 6000.0 6079.0 6154.0 6363.0 5960.0 6063.0 6730.0 6115.0 6552.0 6086.0 5913.0 6064.0 5891.0 5979.0 6436.0 6478.0 6631.0 6654.0 6009.0 6122.0 6076.0 6028.0 6012.0 6017.0 6012.0 5999.0 5990.0 5989.0 5987.0 5991.0 5997.0 5996.0 6005.0 6012.0 6482.0 6129.0 5992.0 5946.0 5950.0 5967.0 5979.0 5973.0 5947.0 5933.0 5928.0 5910.0 5904.0
5186.0 5294.0 5319.0 5253.0 5276.0 5320.0 5395.0 5410.0 5413.0 5430.0 5470.0 5510.0 5546.0 5573.0 5631.0 6090.0 6011.0 5973.0 5788.0 5693.0 5707.0 6384.0 6606.0 5947.0 5867.0 5922.0 6241.0 6473.0 6374.0 5983.0 6380.0 6193.0 6515.0 6113.0 6216.0 6578.0 5965.0 5873.0 6109.0 5934.0 6009.0 6002.0 6069.0 6007.0 6177.0 6165.0 6105.0 6027.0 6021.0 6008.0 5995.0 5994.0 5992.0 5993.0 5994.0 5994.0 6109.0 5983.0 6004.0 6211.0 6194.0 5953.0 5942.0 5961.0 5978.0 5992.0 5927.0 5919.0 5899.0 5890.0 5882.0
5064.0 5185.0 5219.0 5280.0 5305.0 5378.0 5544.0 5521.0 5430.0 5447.0 5490.0 5530.0 5551.0 5582.0 5598.0 6296.0 6320.0 5893.0 5706.0 5696.0 5700.0 6426.0 6420.0 6184.0 6150.0 5952.0 6014.0 6277.0 6256.0 5962.0 6131.0 5943.0 6444.0 5963.0 6155.0 6630.0 6016.0 5885.0 6686.0 6199.0 5922.0 5929.0 5928.0 6017.0 6004.0 6003.0 6008.0 6034.0 6084.0 6011.0 6000.0 6006.0 6008.0 6004.0 6027.0 6238.0 6108.0 6002.0 6047.0 6299.0 6282.0 5997.0 5948.0 5942.0 5947.0 5925.0 5917.0 5909.0 5920.0 5967.0 5961.0
5204.0 5169.0 5211.0 5237.0 5257.0 5318.0 5492.0 5401.0 5417.0 5448.0 5516.0 5506.0 5574.0 5617.0 5693.0 5790.0 5977.0 5914.0 5749.0 5703.0 5771.0 5828.0 5869.0 5894.0 6079.0 5890.0 5886.0 5899.0 6007.0 5963.0 5972.0 6212.0 6358.0 6039.0 6402.0 6590.0 5950.0 6034.0 6729.0 6518.0 6236.0 6228.0 6169.0 6079.0 6053.0 5997.0 6006.0 6026.0 6040.0 5996.0 6000.0 6027.0 6010.0 6008.0 6014.0 6014.0 6029.0 6117.0 6017.0 6051.0 6276.0 6066.0 5960.0 5943.0 5944.0 5933.0 5941.0 5948.0 6032.0 5964.0 5968.0
4997.0 5149.0 5203.0 5232.0 5271.0 5295.0 5342.0 5384.0 5424.0 5463.0 5511.0 5529.0 5572.0 5594.0 5603.0 5615.0 5826.0 5931.0 5837.0 5702.0 5842.0 5876.0 5871.0 5889.0 5902.0 5891.0 5904.0 5939.0 5985.0 6010.0 6069.0 6330.0 6304.0 6166.0 6478.0 6517.0 5947.0 6079.0 6633.0 6396.0 6220.0 6316.0 6450.0 6098.0 6232.0 6414.0 6331.0 6239.0 6041.0 6003.0 6006.0 6008.0 6042.0 6022.0 6014.0 6007.0 6033.0 6315.0 6327.0 6042.0 6108.0 5985.0 5945.0 5945.0 5944.0 5947.0 5997.0 6709.0 6305.0 6027.0 6170.0
5018.0 5153.0 5191.0 5218.0 5251.0 5288.0 5328.0 5374.0 5447.0 5466.0 5519.0 5961.0 5633.0 5614.0 5604.0 5620.0 5771.0 5709.0 5698.0 5703.0 5796.0 6427.0 6321.0 5944.0 5915.0 5963.0 5947.0 6035.0 5996.0 6011.0 6078.0 6235.0 6206.0 6192.0 6209.0 6342.0 5873.0 5940.0 5983.0 6160.0 6171.0 6184.0 6176.0 6019.0 6217.0 6169.0 6033.0 6078.0 6037.0 6041.0 6050.0 6040.0 6210.0 6203.0 6157.0 6047.0 6165.0 6510.0 6420.0 6048.0 5978.0 5955.0 5951.0 5954.0 5948.0 5953.0 5949.0 6181.0 6082.0 6001.0 6108.0
5068.0 5168.0 5189.0 5216.0 5246.0 5275.0 5324.0 5366.0 5422.0 5472.0 5544.0 5909.0 5625.0 5649.0 5748.0 5814.0 6232.0 6237.0 5709.0 5710.0 5795.0 6406.0 6235.0 5862.0 5969.0 5969.0 5973.0 6019.0 5999.0 6011.0 6017.0 6433.0 6157.0 6026.0 5916.0 5899.0 5862.0 5903.0 6442.0 6211.0 5924.0 5998.0 6227.0 6177.0 6066.0 6035.0 6124.0 6191.0 6164.0 6047.0 6218.0 6265.0 6152.0 6292.0 6194.0 6030.0 6046.0 6532.0 6324.0 6045.0 5957.0 5952.0 5962.0 5963.0 5939.0 5937.0 5950.0 5962.0 6397.0 6377.0 6040.0
5042.0 5160.0 5194.0 5229.0 5258.0 5310.0 5334.0 5380.0 5419.0 5525.0 5526.0 5561.0 5605.0 5678.0 5956.0 5930.0 5762.0 5768.0 5717.0 5967.0 6096.0 5967.0 6091.0 5917.0 5929.0 5967.0 5984.0 6010.0 5994.0 5997.0 6005.0 6029.0 5903.0 5938.0 5925.0 5956.0 5860.0 5890.0 6328.0 6403.0 6158.0 5939.0 6020.0 6142.0 6087.0 6023.0 6171.0 6313.0 6908.0 6149.0 6378.0 6364.0 6343.0 6206.0 6149.0 6052.0 6057.0 6135.0 6106.0 5992.0 5959.0 5967.0 5965.0 5964.0 5958.0 5944.0 5942.0 5967.0 6507.0 6644.0 6082.0
5113.0 5180.0 5205.0 5221.0 5255.0 5305.0 5349.0 5405.0 5486.0 5710.0 5715.0 5628.0 5715.0 5742.0 6029.0 6404.0 5925.0 5713.0 5793.0 6408.0 6435.0 6208.0 5938.0 6022.0 5951.0 5961.0 5973.0 6002.0 5990.0 6007.0 6012.0 5959.0 5920.0 6573.0 5968.0 5864.0 5866.0 5867.0 5880.0 5888.0 5918.0 5929.0 5985.0 6054.0 6034.0 6030.0 6054.0 6036.0 6426.0 6083.0 6325.0 6352.0 6099.0 6056.0 6077.0 6205.0 6275.0 6168.0 6011.0 5973.0 5964.0 5971.0 5963.0 5963.0 5960.0 5947.0 5931.0 5935.0 6065.0 6348.0 6124.0
5150.0 5193.0 5211.0 5238.0 5278.0 5321.0 5364.0 5893.0 6009.0 5502.0 5545.0 5644.0 5986.0 6017.0 5902.0 5797.0 5787.0 5718.0 5780.0 5768.0 5964.0 6180.0 5906.0 5924.0 5943.0 5965.0 5989.0 5985.0 5991.0 6024.0 6029.0 6113.0 6039.0 6626.0 5975.0 5866.0 5886.0 5909.0 5882.0 5886.0 5888.0 5891.0 5904.0 5908.0 5931.0 5955.0 6017.0 5974.0 5996.0 6032.0 6038.0 6054.0 6052.0 6034.0 6322.0 6343.0 6196.0 6095.0 5995.0 5967.0 5972.0 5971.0 5970.0 5964.0 5964.0 5951.0 5931.0 5937.0 5944.0 6231.0 5973.0
5181.0 5204.0 5234.0 5267.0 5300.0 5344.0 5409.0 5604.0 5477.0 5502.0 5552.0 5609.0 5776.0 5910.0 6074.0 5854.0 5757.0 5715.0 5733.0 5804.0 6058.0 6298.0 5954.0 5925.0 5938.0 5968.0 5974.0 5977.0 5983.0 5978.0 6048.0 6034.0 6098.0 6356.0 5900.0 5866.0 6290.0 6626.0 6070.0 5940.0 5924.0 5912.0 5917.0 5923.0 5941.0 5944.0 5956.0 5967.0 5981.0 5990.0 5997.0 6008.0 6010.0 6013.0 6020.0 6017.0 6034.0 6022.0 5980.0 5970.0 5978.0 5971.0 5967.0 5964.0 5958.0 5951.0 5938.0 5927.0 5974.0 6557.0 6268.0
5241.0 5263.0 5277.0 5325.0 5347.0 5372.0 5402.0 5435.0 5468.0 5509.0 5550.0 5601.0 5666.0 5780.0 6245.0 6389.0 5734.0 5724.0 6251.0 5805.0 5783.0 6018.0 5935.0 5928.0 5941.0 5963.0 5966.0 5968.0 5969.0 5962.0 5961.0 5934.0 5915.0 5899.0 5881.0 5865.0 6225.0 6390.0 6229.0 6295.0 6463.0 6180.0 5961.0 5969.0 6032.0 6078.0 6197.0 6063.0 6087.0 5985.0 6004.0 5992.0 5993.0 5996.0 5996.0 6033.0 5993.0 5995.0 5978.0 5973.0 5983.0 5971.0 5962.0 5980.0 5953.0 5951.0 5945.0 5932.0 5964.0 6378.0 6071.0
