example_notebooks/meuse/ahn5m.asc
ncols 624
nrows 832
XLLCORNER 178440
YLLCORNER 329600
cellsize 5.00
nodata_value  9119.0
[rows 480 to 511 of 832, columns 142 to 212 of 624]
9119.0 9119.0 9119.0 9119.0 9119.0 9119.0 9119.0 9119.0 9119.0 9119.0 9119.0 9119.0 9119.0 9119.0 9119.0 9119.0 9119.0 9119.0 9119.0 9119.0 9119.0 9119.0 9119.0 9119.0 9119.0 9119.0 9119.0 3083.0 3072.0 3297.0 3555.0 3574.0 3565.0 3562.0 3559.0 3559.0 3552.0 3525.0 3550.0 3615.0 3633.0 3642.0 3638.0 3633.0 3631.0 3628.0 3631.0 3632.0 3635.0 3631.0 3629.0 3626.0 3624.0 3615.0 3616.0 3615.0 3619.0 3620.0 3620.0 3622.0 3626.0 3631.0 3635.0 3630.0 3633.0 3632.0 3634.0 3639.0 3645.0 3642.0 3651.0
9119.0 9119.0 9119.0 9119.0 9119.0 9119.0 9119.0 9119.0 9119.0 9119.0 9119.0 9119.0 9119.0 9119.0 9119.0 9119.0 9119.0 9119.0 9119.0 9119.0 9119.0 9119.0 9119.0 9119.0 9119.0 9119.0 3154.0 3229.0 3336.0 3504.0 3550.0 3568.0 3558.0 3552.0 3555.0 3561.0 3534.0 3529.0 3594.0 3643.0 3639.0 3640.0 3638.0 3634.0 3632.0 3627.0 3631.0 3632.0 3632.0 3630.0 3623.0 3620.0 3616.0 3615.0 3619.0 3621.0 3621.0 3621.0 3620.0 3619.0 3626.0 3631.0 3629.0 3625.0 3621.0 3627.0 3635.0 3643.0 3648.0 3648.0 3642.0
9119.0 9119.0 9119.0 9119.0 9119.0 9119.0 9119.0 9119.0 9119.0 9119.0 9119.0 9119.0 9119.0 9119.0 9119.0 9119.0 9119.0 9119.0 9119.0 9119.0 9119.0 9119.0 9119.0 9119.0 9119.0 3147.0 3275.0 3372.0 3484.0 3521.0 3536.0 3544.0 3548.0 3545.0 3537.0 3539.0 3521.0 3571.0 3636.0 3645.0 3639.0 3638.0 3636.0 3633.0 3633.0 3628.0 3631.0 3634.0 3625.0 3621.0 3619.0 3613.0 3615.0 3619.0 3621.0 3626.0 3623.0 3626.0 3620.0 3620.0 3621.0 3624.0 3626.0 3621.0 3614.0 3621.0 3635.0 3648.0 3650.0 3648.0 3645.0
9119.0 9119.0 9119.0 9119.0 9119.0 9119.0 9119.0 9119.0 9119.0 9119.0 9119.0 9119.0 9119.0 9119.0 9119.0 9119.0 9119.0 9119.0 9119.0 9119.0 9119.0 9119.0 9119.0 9119.0 3127.0 3236.0 3381.0 3513.0 3514.0 3514.0 3523.0 3534.0 3536.0 3520.0 3510.0 3520.0 3540.0 3621.0 3637.0 3647.0 3637.0 3638.0 3633.0 3632.0 3632.0 3629.0 3631.0 3629.0 3623.0 3620.0 3615.0 3611.0 3617.0 3621.0 3623.0 3625.0 3626.0 3625.0 3622.0 3621.0 3622.0 3618.0 3619.0 3615.0 3615.0 3619.0 3631.0 3644.0 3652.0 3651.0 3645.0
9119.0 9119.0 9119.0 9119.0 9119.0 9119.0 9119.0 9119.0 9119.0 9119.0 9119.0 9119.0 9119.0 9119.0 9119.0 9119.0 9119.0 9119.0 9119.0 9119.0 9119.0 9119.0 9119.0 3088.0 3176.0 3475.0 3512.0 3518.0 3526.0 3515.0 3512.0 3523.0 3527.0 3508.0 3502.0 3520.0 3605.0 3642.0 3638.0 3637.0 3638.0 3633.0 3630.0 3627.0 3632.0 3624.0 3628.0 3626.0 3624.0 3622.0 3615.0 3614.0 3615.0 3621.0 3624.0 3623.0 3625.0 3623.0 3622.0 3619.0 3618.0 3618.0 3613.0 3610.0 3615.0 3617.0 3635.0 3646.0 3652.0 3649.0 3648.0
9119.0 9119.0 9119.0 9119.0 9119.0 9119.0 9119.0 9119.0 9119.0 9119.0 9119.0 9119.0 9119.0 9119.0 9119.0 9119.0 9119.0 9119.0 9119.0 9119.0 9119.0 9119.0 3088.0 3179.0 3364.0 3536.0 3513.0 3524.0 3522.0 3516.0 3513.0 3514.0 3517.0 3509.0 3496.0 3479.0 3591.0 3635.0 3639.0 3638.0 3636.0 3627.0 3628.0 3625.0 3628.0 3630.0 3627.0 3629.0 3623.0 3621.0 3618.0 3615.0 3615.0 3618.0 3622.0 3618.0 3619.0 3620.0 3621.0 3621.0 3624.0 3618.0 3607.0 3608.0 3611.0 3618.0 3634.0 3642.0 3649.0 3649.0 3646.0
9119.0 9119.0 9119.0 9119.0 9119.0 9119.0 9119.0 9119.0 9119.0 9119.0 9119.0 9119.0 9119.0 9119.0 9119.0 9119.0 9119.0 9119.0 9119.0 9119.0 9119.0 3091.0 3192.0 3419.0 3571.0 3521.0 3500.0 3515.0 3521.0 3520.0 3520.0 3506.0 3505.0 3505.0 3502.0 3460.0 3497.0 3567.0 3630.0 3634.0 3629.0 3625.0 3620.0 3620.0 3631.0 3637.0 3631.0 3628.0 3621.0 3620.0 3615.0 3616.0 3617.0 3618.0 3619.0 3615.0 3616.0 3622.0 3627.0 3623.0 3623.0 3619.0 3612.0 3609.0 3615.0 3630.0 3639.0 3648.0 3650.0 3647.0 3656.0
9119.0 9119.0 9119.0 9119.0 9119.0 9119.0 9119.0 9119.0 9119.0 9119.0 9119.0 9119.0 9119.0 9119.0 9119.0 9119.0 9119.0 9119.0 9119.0 9119.0 3115.0 3217.0 3415.0 3596.0 3556.0 3506.0 3483.0 3494.0 3520.0 3523.0 3519.0 3505.0 3498.0 3488.0 3470.0 3451.0 3435.0 3459.0 3568.0 3611.0 3626.0 3617.0 3618.0 3619.0 3632.0 3642.0 3635.0 3631.0 3621.0 3612.0 3612.0 3610.0 3612.0 3618.0 3614.0 3612.0 3615.0 3623.0 3622.0 3624.0 3621.0 3620.0 3616.0 3620.0 3627.0 3636.0 3646.0 3648.0 3650.0 3650.0 3656.0
9119.0 9119.0 9119.0 9119.0 9119.0 9119.0 9119.0 9119.0 9119.0 9119.0 9119.0 9119.0 9119.0 9119.0 9119.0 9119.0 9119.0 9119.0 9119.0 3107.0 3221.0 3420.0 3602.0 3583.0 3541.0 3500.0 3460.0 3467.0 3512.0 3526.0 3522.0 3501.0 3488.0 3462.0 3450.0 3443.0 3418.0 3419.0 3472.0 3540.0 3598.0 3613.0 3615.0 3617.0 3628.0 3635.0 3635.0 3627.0 3621.0 3614.0 3606.0 3607.0 3609.0 3611.0 3607.0 3608.0 3619.0 3623.0 3622.0 3623.0 3626.0 3620.0 3622.0 3626.0 3637.0 3646.0 3648.0 3650.0 3652.0 3650.0 3655.0
9119.0 9119.0 9119.0 9119.0 9119.0 9119.0 9119.0 9119.0 9119.0 9119.0 9119.0 9119.0 9119.0 9119.0 9119.0 9119.0 9119.0 9119.0 3108.0 3235.0 3407.0 3609.0 3588.0 3559.0 3529.0 3474.0 3406.0 3431.0 3499.0 3529.0 3515.0 3508.0 3487.0 3461.0 3449.0 3438.0 3426.0 3418.0 3416.0 3465.0 3543.0 3604.0 3605.0 3610.0 3617.0 3633.0 3634.0 3627.0 3619.0 3606.0 3602.0 3605.0 3604.0 3601.0 3606.0 3606.0 3614.0 3621.0 3620.0 3626.0 3626.0 3625.0 3629.0 3633.0 3637.0 3640.0 3645.0 3647.0 3651.0 3660.0 3672.0
9119.0 9119.0 9119.0 9119.0 9119.0 9119.0 9119.0 9119.0 9119.0 9119.0 9119.0 9119.0 9119.0 9119.0 9119.0 9119.0 9119.0 3124.0 3229.0 3408.0 3611.0 3595.0 3562.0 3542.0 3492.0 3413.0 3354.0 3343.0 3470.0 3524.0 3525.0 3527.0 3490.0 3465.0 3451.0 3449.0 3435.0 3418.0 3386.0 3395.0 3472.0 3578.0 3591.0 3594.0 3606.0 3631.0 3630.0 3624.0 3607.0 3602.0 3598.0 3604.0 3602.0 3599.0 3603.0 3608.0 3613.0 3619.0 3619.0 3628.0 3633.0 3634.0 3633.0 3633.0 3634.0 3640.0 3652.0 3653.0 3654.0 3664.0 3666.0
9119.0 9119.0 9119.0 9119.0 9119.0 9119.0 9119.0 9119.0 9119.0 9119.0 9119.0 9119.0 9119.0 9119.0 9119.0 9119.0 3111.0 3233.0 3400.0 3612.0 3606.0 3579.0 3556.0 3518.0 3432.0 3377.0 3309.0 3356.0 3460.0 3515.0 3535.0 3519.0 3499.0 3473.0 3460.0 3448.0 3440.0 3417.0 3404.0 3411.0 3428.0 3531.0 3553.0 3570.0 3595.0 3619.0 3626.0 3615.0 3600.0 3598.0 3601.0 3600.0 3599.0 3599.0 3601.0 3609.0 3612.0 3617.0 3621.0 3628.0 3638.0 3634.0 3634.0 3635.0 3637.0 3646.0 3652.0 3654.0 3658.0 3656.0 3660.0
9119.0 9119.0 9119.0 9119.0 9119.0 9119.0 9119.0 9119.0 9119.0 9119.0 9119.0 9119.0 9119.0 9119.0 9119.0 3116.0 3249.0 3434.0 3616.0 3616.0 3585.0 3556.0 3527.0 3466.0 3396.0 3334.0 3316.0 3389.0 3479.0 3535.0 3556.0 3520.0 3510.0 3489.0 3473.0 3456.0 3443.0 3436.0 3426.0 3412.0 3412.0 3476.0 3510.0 3549.0 3578.0 3608.0 3619.0 3609.0 3595.0 3594.0 3597.0 3595.0 3595.0 3598.0 3603.0 3609.0 3614.0 3620.0 3622.0 3625.0 3632.0 3633.0 3635.0 3644.0 3643.0 3650.0 3652.0 3649.0 3653.0 3654.0 3657.0
9119.0 9119.0 9119.0 9119.0 9119.0 9119.0 9119.0 9119.0 9119.0 9119.0 9119.0 9119.0 9119.0 9119.0 3143.0 3261.0 3496.0 3620.0 3617.0 3604.0 3566.0 3534.0 3489.0 3414.0 3358.0 3321.0 3370.0 3444.0 3546.0 3598.0 3576.0 3540.0 3520.0 3503.0 3481.0 3462.0 3448.0 3444.0 3432.0 3415.0 3415.0 3447.0 3483.0 3526.0 3560.0 3599.0 3608.0 3602.0 3594.0 3594.0 3590.0 3587.0 3593.0 3594.0 3606.0 3611.0 3612.0 3617.0 3626.0 3629.0 3629.0 3632.0 3636.0 3641.0 3647.0 3650.0 3645.0 3646.0 3648.0 3652.0 3654.0
9119.0 9119.0 9119.0 9119.0 9119.0 9119.0 9119.0 9119.0 9119.0 9119.0 9119.0 9119.0 9119.0 3145.0 3276.0 3592.0 3625.0 3613.0 3606.0 3585.0 3552.0 3506.0 3441.0 3380.0 3341.0 3377.0 3432.0 3523.0 3616.0 3614.0 3596.0 3564.0 3536.0 3509.0 3485.0 3467.0 3462.0 3442.0 3440.0 3440.0 3433.0 3431.0 3470.0 3499.0 3543.0 3584.0 3593.0 3593.0 3593.0 3587.0 3581.0 3590.0 3590.0 3595.0 3606.0 3611.0 3616.0 3623.0 3624.0 3626.0 3631.0 3635.0 3637.0 3635.0 3640.0 3639.0 3641.0 3648.0 3646.0 3657.0 3677.0
9119.0 9119.0 9119.0 9119.0 9119.0 9119.0 9119.0 9119.0 9119.0 9119.0 9119.0 9119.0 3129.0 3266.0 3537.0 3623.0 3614.0 3605.0 3599.0 3558.0 3530.0 3468.0 3398.0 3350.0 3371.0 3431.0 3512.0 3601.0 3633.0 3614.0 3594.0 3566.0 3536.0 3511.0 3484.0 3467.0 3452.0 3443.0 3432.0 3436.0 3428.0 3436.0 3456.0 3479.0 3523.0 3555.0 3574.0 3588.0 3593.0 3586.0 3585.0 3589.0 3588.0 3595.0 3611.0 3616.0 3622.0 3625.0 3630.0 3634.0 3636.0 3632.0 3630.0 3632.0 3634.0 3639.0 3635.0 3640.0 3638.0 3657.0 3691.0
9119.0 9119.0 9119.0 9119.0 9119.0 9119.0 9119.0 9119.0 9119.0 9119.0 9119.0 3112.0 3281.0 3600.0 3616.0 3617.0 3607.0 3590.0 3574.0 3543.0 3503.0 3426.0 3364.0 3348.0 3421.0 3489.0 3598.0 3646.0 3625.0 3591.0 3562.0 3535.0 3519.0 3495.0 3472.0 3449.0 3444.0 3433.0 3430.0 3431.0 3426.0 3444.0 3453.0 3485.0 3509.0 3530.0 3555.0 3575.0 3590.0 3586.0 3587.0 3588.0 3583.0 3598.0 3612.0 3617.0 3625.0 3630.0 3632.0 3639.0 3637.0 3630.0 3627.0 3625.0 3626.0 3631.0 3633.0 3634.0 3640.0 3643.0 3660.0
9119.0 9119.0 9119.0 9119.0 9119.0 9119.0 9119.0 9119.0 9119.0 9119.0 3124.0 3231.0 3457.0 3617.0 3617.0 3604.0 3596.0 3580.0 3553.0 3518.0 3459.0 3403.0 3347.0 3393.0 3476.0 3574.0 3641.0 3639.0 3603.0 3565.0 3529.0 3502.0 3485.0 3464.0 3442.0 3415.0 3409.0 3391.0 3408.0 3425.0 3430.0 3444.0 3458.0 3483.0 3503.0 3518.0 3541.0 3567.0 3585.0 3588.0 3587.0 3581.0 3593.0 3598.0 3614.0 3623.0 3627.0 3629.0 3633.0 3632.0 3631.0 3628.0 3628.0 3629.0 3631.0 3628.0 3628.0 3636.0 3641.0 3641.0 3661.0
9119.0 9119.0 9119.0 9119.0 9119.0 9119.0 9119.0 9119.0 9119.0 3128.0 3253.0 3492.0 3614.0 3616.0 3607.0 3596.0 3583.0 3561.0 3531.0 3489.0 3426.0 3380.0 3359.0 3444.0 3544.0 3624.0 3641.0 3619.0 3577.0 3536.0 3502.0 3477.0 3461.0 3428.0 3409.0 3393.0 3369.0 3350.0 3390.0 3427.0 3449.0 3453.0 3469.0 3488.0 3501.0 3505.0 3530.0 3561.0 3585.0 3586.0 3578.0 3585.0 3595.0 3610.0 3620.0 3628.0 3629.0 3631.0 3632.0 3633.0 3631.0 3630.0 3627.0 3629.0 3630.0 3637.0 3642.0 3646.0 3656.0 3657.0 3713.0
9119.0 9119.0 9119.0 9119.0 9119.0 9119.0 9119.0 3088.0 3131.0 3274.0 3521.0 3619.0 3615.0 3608.0 3602.0 3595.0 3569.0 3544.0 3509.0 3450.0 3425.0 3370.0 3400.0 3506.0 3603.0 3638.0 3627.0 3596.0 3546.0 3509.0 3483.0 3457.0 3427.0 3406.0 3389.0 3376.0 3362.0 3352.0 3383.0 3435.0 3455.0 3465.0 3480.0 3493.0 3502.0 3503.0 3516.0 3546.0 3577.0 3585.0 3582.0 3590.0 3605.0 3617.0 3623.0 3625.0 3626.0 3634.0 3630.0 3635.0 3633.0 3629.0 3627.0 3632.0 3637.0 3642.0 3651.0 3657.0 3631.0 3788.0 3892.0
9119.0 9119.0 9119.0 9119.0 9119.0 9119.0 3084.0 3203.0 3316.0 3531.0 3621.0 3615.0 3600.0 3605.0 3605.0 3580.0 3557.0 3525.0 3473.0 3444.0 3421.0 3392.0 3462.0 3577.0 3629.0 3633.0 3595.0 3554.0 3513.0 3491.0 3459.0 3432.0 3411.0 3396.0 3375.0 3359.0 3353.0 3355.0 3380.0 3426.0 3458.0 3471.0 3482.0 3496.0 3501.0 3498.0 3501.0 3540.0 3561.0 3585.0 3593.0 3603.0 3611.0 3617.0 3622.0 3629.0 3636.0 3640.0 3639.0 3637.0 3632.0 3630.0 3628.0 3628.0 3640.0 3646.0 3641.0 3657.0 9119.0 3885.0 9119.0
9119.0 9119.0 9119.0 9119.0 9119.0 3090.0 3187.0 3280.0 3510.0 3620.0 3621.0 3614.0 3602.0 3602.0 3594.0 3572.0 3544.0 3503.0 3467.0 3445.0 3429.0 3457.0 3538.0 3613.0 3627.0 3598.0 3559.0 3519.0 3488.0 3461.0 3431.0 3415.0 3399.0 3380.0 3360.0 3348.0 3341.0 3348.0 3367.0 3422.0 3457.0 3469.0 3479.0 3493.0 3501.0 3494.0 3499.0 3525.0 3554.0 3576.0 3595.0 3596.0 3605.0 3613.0 3623.0 3633.0 3644.0 3645.0 3643.0 3636.0 3631.0 3630.0 3631.0 3637.0 3643.0 3640.0 3664.0 3692.0 3787.0 3806.0 9119.0
9119.0 9119.0 9119.0 9119.0 3120.0 3201.0 3269.0 3408.0 3620.0 3624.0 3621.0 3608.0 3605.0 3601.0 3582.0 3560.0 3527.0 3488.0 3460.0 3448.0 3455.0 3503.0 3593.0 3622.0 3611.0 3565.0 3522.0 3490.0 3460.0 3437.0 3413.0 3397.0 3385.0 3367.0 3353.0 3342.0 3338.0 3334.0 3351.0 3400.0 3451.0 3465.0 3483.0 3487.0 3494.0 3489.0 3492.0 3518.0 3547.0 3565.0 3583.0 3590.0 3598.0 3612.0 3630.0 3639.0 3650.0 3642.0 3644.0 3634.0 3631.0 3637.0 3651.0 3641.0 3651.0 3698.0 3694.0 3698.0 3710.0 3797.0 3748.0
9119.0 9119.0 9119.0 3196.0 3284.0 3324.0 3532.0 3617.0 3627.0 3617.0 3609.0 3603.0 3598.0 3589.0 3570.0 3545.0 3518.0 3490.0 3458.0 3453.0 3489.0 3554.0 3606.0 3614.0 3577.0 3532.0 3498.0 3467.0 3431.0 3414.0 3396.0 3372.0 3363.0 3357.0 3345.0 3337.0 3331.0 3333.0 3342.0 3381.0 3433.0 3467.0 3475.0 3483.0 3483.0 3483.0 3488.0 3513.0 3531.0 3555.0 3572.0 3592.0 3603.0 3618.0 3628.0 3638.0 3642.0 3642.0 3641.0 3640.0 3640.0 3647.0 3652.0 3666.0 3687.0 3691.0 3690.0 3691.0 3693.0 3711.0 3691.0
9119.0 9119.0 3176.0 3380.0 3521.0 3613.0 3626.0 3628.0 3619.0 3605.0 3608.0 3607.0 3602.0 3583.0 3573.0 3547.0 3509.0 3485.0 3453.0 3465.0 3531.0 3597.0 3612.0 3586.0 3546.0 3509.0 3477.0 3439.0 3410.0 3392.0 3373.0 3362.0 3355.0 3346.0 3343.0 3333.0 3328.0 3331.0 3340.0 3362.0 3437.0 3465.0 3473.0 3478.0 3476.0 3473.0 3486.0 3502.0 3516.0 3542.0 3572.0 3599.0 3612.0 3621.0 3628.0 3638.0 3644.0 3644.0 3647.0 3645.0 3640.0 3661.0 3660.0 3674.0 3693.0 3693.0 3697.0 3699.0 3687.0 3735.0 9119.0
9119.0 3142.0 3321.0 3501.0 3610.0 3629.0 3627.0 3618.0 3610.0 3620.0 3618.0 3612.0 3592.0 3575.0 3571.0 3540.0 3502.0 3469.0 3444.0 3495.0 3591.0 3612.0 3601.0 3562.0 3516.0 3486.0 3452.0 3419.0 3395.0 3372.0 3362.0 3350.0 3342.0 3337.0 3339.0 3333.0 3321.0 3327.0 3333.0 3352.0 3419.0 3459.0 3468.0 3471.0 3470.0 3472.0 3480.0 3489.0 3508.0 3529.0 3561.0 3591.0 3613.0 3621.0 3632.0 3642.0 3643.0 3647.0 3642.0 3636.0 3658.0 3665.0 3660.0 3685.0 3697.0 3705.0 3705.0 3726.0 3742.0 3735.0 3826.0
3148.0 3316.0 3494.0 3604.0 3618.0 3628.0 3623.0 3620.0 3624.0 3625.0 3615.0 3594.0 3572.0 3582.0 3558.0 3520.0 3488.0 3459.0 3458.0 3536.0 3600.0 3599.0 3571.0 3528.0 3490.0 3461.0 3426.0 3403.0 3381.0 3366.0 3355.0 3342.0 3338.0 3336.0 3333.0 3331.0 3320.0 3322.0 3329.0 3354.0 3404.0 3447.0 3460.0 3462.0 3465.0 3466.0 3475.0 3491.0 3503.0 3517.0 3547.0 3576.0 3605.0 3621.0 3634.0 3644.0 3651.0 3655.0 3665.0 3691.0 3662.0 3665.0 3685.0 3696.0 3701.0 3699.0 3723.0 3822.0 3825.0 3860.0 3882.0
3269.0 3490.0 3598.0 3612.0 3623.0 3623.0 3623.0 3631.0 3631.0 3625.0 3601.0 3581.0 3575.0 3566.0 3544.0 3501.0 3469.0 3453.0 3494.0 3598.0 3605.0 3579.0 3543.0 3502.0 3469.0 3436.0 3407.0 3389.0 3370.0 3354.0 3349.0 3339.0 3336.0 3333.0 3329.0 3327.0 3326.0 3321.0 3329.0 3356.0 3391.0 3435.0 3454.0 3457.0 3457.0 3468.0 3480.0 3487.0 3503.0 3525.0 3532.0 3547.0 3594.0 3616.0 3634.0 3638.0 3620.0 3674.0 3664.0 3687.0 3665.0 3677.0 3695.0 3702.0 3717.0 3716.0 3745.0 3813.0 9119.0 3852.0 3806.0
3446.0 3588.0 3599.0 3621.0 3629.0 3632.0 3628.0 3627.0 3626.0 3614.0 3590.0 3578.0 3578.0 3556.0 3519.0 3484.0 3460.0 3467.0 3562.0 3605.0 3594.0 3551.0 3512.0 3477.0 3445.0 3416.0 3395.0 3372.0 3359.0 3350.0 3338.0 3330.0 3329.0 3327.0 3325.0 3325.0 3323.0 3324.0 3334.0 3348.0 3378.0 3431.0 3446.0 3454.0 3456.0 3471.0 3481.0 3494.0 3517.0 3525.0 3527.0 3543.0 3580.0 3607.0 3633.0 3637.0 3668.0 3688.0 3692.0 3666.0 3666.0 3683.0 3695.0 3700.0 3712.0 3738.0 3747.0 9119.0 3720.0 3759.0 3776.0
3578.0 3597.0 3628.0 3636.0 3634.0 3634.0 3630.0 3624.0 3616.0 3599.0 3592.0 3591.0 3567.0 3532.0 3495.0 3477.0 3457.0 3518.0 3594.0 3595.0 3556.0 3527.0 3483.0 3450.0 3424.0 3400.0 3378.0 3360.0 3355.0 3342.0 3333.0 3327.0 3321.0 3324.0 3320.0 3320.0 3325.0 3327.0 3334.0 3339.0 3373.0 3425.0 3444.0 3446.0 3457.0 3477.0 3487.0 3505.0 3527.0 3534.0 3554.0 3569.0 3617.0 3611.0 3629.0 3627.0 3679.0 3666.0 3672.0 3669.0 3670.0 3684.0 3695.0 3696.0 3701.0 3712.0 3703.0 3694.0 3713.0 3714.0 3726.0
3593.0 3623.0 3634.0 3637.0 3634.0 3630.0 3628.0 3624.0 3618.0 3604.0 3597.0 3573.0 3529.0 3503.0 3492.0 3476.0 3486.0 3573.0 3593.0 3566.0 3530.0 3494.0 3455.0 3429.0 3398.0 3379.0 3368.0 3355.0 3343.0 3339.0 3332.0 3329.0 3326.0 3325.0 3323.0 3322.0 3327.0 3321.0 3326.0 3333.0 3367.0 3417.0 3438.0 3446.0 3455.0 3478.0 3494.0 3514.0 3541.0 3544.0 3610.0 3649.0 3648.0 3672.0 3617.0 3604.0 3709.0 3679.0 3670.0 3670.0 3680.0 3693.0 3699.0 3687.0 3683.0 3688.0 3681.0 3681.0 3689.0 3687.0 3700.0
3618.0 3637.0 3642.0 3638.0 3634.0 3630.0 3631.0 3625.0 3613.0 3596.0 3578.0 3546.0 3505.0 3497.0 3482.0 3478.0 3565.0 3600.0 3577.0 3547.0 3501.0 3463.0 3429.0 3405.0 3386.0 3364.0 3354.0 3346.0 3339.0 3330.0 3329.0 3325.0 3326.0 3324.0 3323.0 3322.0 3318.0 3311.0 3314.0 3325.0 3351.0 3405.0 3434.0 3444.0 3453.0 3471.0 3495.0 3535.0 3560.0 3571.0 3574.0 3705.0 9119.0 3708.0 3673.0 3664.0 3644.0 3667.0 3670.0 3672.0 9119.0 3695.0 3616.0 3650.0 3592.0 3662.0 3674.0 3672.0 3678.0 3679.0 3683.0
