example_notebooks/meuse/ahn5m.asc
ncols 624
nrows 832
XLLCORNER 178440
YLLCORNER 329600
cellsize 5.00
nodata_value  9119.0
[rows 800 to 831 of 832, columns 71 to 141 of 624]
3306.0 3307.0 3305.0 3302.0 3303.0 3302.0 3304.0 3306.0 3304.0 3302.0 3304.0 3305.0 3306.0 3300.0 3304.0 3308.0 9119.0 9119.0 9119.0 9119.0 9119.0 9119.0 9119.0 9119.0 9119.0 9119.0 3326.0 3325.0 3388.0 3505.0 3580.0 3581.0 3528.0 3502.0 3508.0 3515.0 3519.0 3510.0 3515.0 3514.0 3515.0 3512.0 3507.0 3521.0 3530.0 3542.0 3542.0 3573.0 3619.0 3620.0 3575.0 3574.0 3615.0 3707.0 3798.0 3798.0 3788.0 3690.0 3612.0 3681.0 3820.0 3809.0 3805.0 3796.0 3802.0 3802.0 3801.0 3796.0 3806.0 3799.0 3806.0
3308.0 3303.0 3301.0 3303.0 3303.0 3305.0 3301.0 3304.0 3304.0 3313.0 3302.0 3307.0 3310.0 3311.0 3304.0 3310.0 3302.0 3307.0 9119.0 9119.0 9119.0 9119.0 9119.0 9119.0 9119.0 3310.0 3326.0 3324.0 3439.0 3545.0 3601.0 3641.0 3601.0 3538.0 3616.0 3600.0 3595.0 3615.0 3524.0 3521.0 3517.0 3516.0 3509.0 3508.0 3524.0 3528.0 3532.0 3580.0 3621.0 3589.0 3560.0 3573.0 3637.0 3745.0 3833.0 3795.0 3708.0 3606.0 3606.0 9119.0 3819.0 3814.0 3811.0 3795.0 3797.0 3807.0 3793.0 3791.0 3786.0 3776.0 3794.0
3304.0 3303.0 3305.0 3304.0 3302.0 3303.0 3307.0 3303.0 3306.0 3306.0 3307.0 3304.0 3312.0 3306.0 3302.0 3300.0 3311.0 9119.0 9119.0 9119.0 9119.0 9119.0 9119.0 9119.0 9119.0 3317.0 3327.0 3335.0 3474.0 3627.0 3662.0 3671.0 3621.0 3635.0 3653.0 3645.0 3650.0 3615.0 3633.0 3522.0 3521.0 3520.0 3515.0 3517.0 3521.0 3523.0 3527.0 3580.0 3599.0 3594.0 3549.0 3557.0 3617.0 3731.0 3830.0 3812.0 3677.0 3578.0 3699.0 3836.0 3837.0 3838.0 3825.0 3812.0 3815.0 3802.0 3789.0 3781.0 3780.0 3779.0 3782.0
3307.0 3304.0 3303.0 3303.0 3303.0 3304.0 3305.0 3305.0 3305.0 3305.0 3309.0 3302.0 3306.0 3305.0 3307.0 3309.0 3309.0 9119.0 9119.0 9119.0 9119.0 9119.0 9119.0 9119.0 9119.0 3324.0 3329.0 3352.0 3473.0 3629.0 3671.0 9119.0 9119.0 9119.0 9119.0 9119.0 9119.0 9119.0 3627.0 3610.0 3546.0 3527.0 3531.0 3530.0 3528.0 3531.0 3537.0 3581.0 3623.0 3559.0 3538.0 3545.0 3635.0 3734.0 3814.0 3767.0 3661.0 3564.0 3618.0 3836.0 3846.0 3844.0 3841.0 3842.0 3832.0 3820.0 3809.0 3806.0 3788.0 3790.0 3779.0
3306.0 3307.0 3302.0 3304.0 3305.0 3306.0 3304.0 3304.0 3302.0 3306.0 3307.0 3304.0 3308.0 3303.0 3308.0 3309.0 3309.0 9119.0 9119.0 9119.0 9119.0 9119.0 9119.0 9119.0 9119.0 3320.0 3325.0 3355.0 3470.0 3567.0 3625.0 9119.0 9119.0 9119.0 9119.0 9119.0 9119.0 9119.0 9119.0 3645.0 3613.0 3540.0 3548.0 3548.0 3544.0 3536.0 3557.0 3621.0 3653.0 3574.0 3543.0 3540.0 3637.0 9119.0 3823.0 3685.0 3603.0 3563.0 3612.0 9119.0 3852.0 3855.0 3852.0 3849.0 3845.0 3846.0 3844.0 3833.0 3811.0 3804.0 3793.0
3307.0 3303.0 3303.0 3306.0 3302.0 3305.0 3303.0 3306.0 3305.0 3305.0 3302.0 3303.0 3300.0 3303.0 3310.0 9119.0 3312.0 3312.0 9119.0 9119.0 9119.0 9119.0 9119.0 9119.0 3335.0 3330.0 3329.0 3384.0 3463.0 3590.0 3581.0 9119.0 9119.0 9119.0 9119.0 9119.0 9119.0 9119.0 9119.0 3686.0 3613.0 3561.0 3569.0 3555.0 3545.0 3547.0 3596.0 3643.0 3661.0 3555.0 3554.0 3561.0 3635.0 9119.0 9119.0 3645.0 3566.0 3631.0 3830.0 3847.0 3854.0 3866.0 3868.0 3865.0 3860.0 3858.0 3857.0 3851.0 3843.0 3841.0 3824.0
9119.0 3303.0 3302.0 3307.0 3304.0 3299.0 3306.0 3304.0 3305.0 3300.0 3304.0 3303.0 3298.0 3298.0 3304.0 9119.0 3303.0 3312.0 9119.0 9119.0 9119.0 9119.0 9119.0 9119.0 3326.0 3327.0 3332.0 3407.0 3508.0 3619.0 9119.0 9119.0 9119.0 9119.0 9119.0 9119.0 9119.0 9119.0 9119.0 9119.0 3650.0 3571.0 3568.0 3556.0 3540.0 3540.0 3574.0 3625.0 9119.0 3581.0 3564.0 3615.0 3709.0 9119.0 9119.0 3640.0 3552.0 3651.0 3830.0 3834.0 3838.0 3844.0 3855.0 3862.0 3866.0 3868.0 3866.0 3865.0 3866.0 3860.0 3851.0
3322.0 3322.0 3303.0 3302.0 3302.0 3304.0 3306.0 3303.0 3306.0 3306.0 3301.0 3304.0 3301.0 3298.0 3296.0 3305.0 3303.0 9119.0 9119.0 9119.0 9119.0 9119.0 9119.0 9119.0 3325.0 3318.0 3345.0 3450.0 3555.0 3674.0 9119.0 9119.0 9119.0 9119.0 9119.0 9119.0 9119.0 9119.0 9119.0 3658.0 3666.0 3563.0 3559.0 3552.0 3538.0 3534.0 3544.0 3638.0 3619.0 3589.0 3577.0 3680.0 9119.0 3822.0 9119.0 3664.0 3585.0 3638.0 3828.0 3841.0 3837.0 3831.0 3833.0 3839.0 3845.0 3846.0 3857.0 3865.0 3870.0 3869.0 3866.0
3350.0 3318.0 3309.0 3305.0 3305.0 3304.0 3301.0 3307.0 3303.0 3303.0 3304.0 3300.0 3309.0 3302.0 3294.0 9119.0 9119.0 9119.0 9119.0 9119.0 9119.0 9119.0 9119.0 9119.0 3318.0 3321.0 3388.0 3469.0 3617.0 3686.0 9119.0 9119.0 9119.0 9119.0 9119.0 9119.0 9119.0 9119.0 9119.0 3664.0 3624.0 3548.0 3548.0 3544.0 3543.0 3544.0 3555.0 9119.0 3575.0 3563.0 3614.0 3708.0 3837.0 3825.0 3731.0 3642.0 3600.0 9119.0 3851.0 3846.0 3846.0 3848.0 3843.0 3836.0 3832.0 3835.0 3842.0 3848.0 3855.0 3856.0 3861.0
3357.0 3353.0 3324.0 3310.0 3305.0 3305.0 3298.0 9119.0 3306.0 3303.0 3307.0 3302.0 3305.0 3298.0 9119.0 9119.0 9119.0 9119.0 9119.0 9119.0 9119.0 9119.0 9119.0 9119.0 3313.0 3323.0 3395.0 3452.0 3587.0 9119.0 9119.0 9119.0 9119.0 9119.0 9119.0 9119.0 9119.0 9119.0 9119.0 3622.0 3570.0 3534.0 3539.0 3540.0 3537.0 3543.0 3590.0 3589.0 3553.0 3618.0 3648.0 3731.0 9119.0 9119.0 3696.0 3611.0 3632.0 3852.0 3849.0 3847.0 3848.0 3854.0 3856.0 3848.0 3849.0 3841.0 3843.0 3849.0 3849.0 3848.0 3847.0
3370.0 3364.0 3344.0 3337.0 3349.0 3330.0 3317.0 9119.0 3311.0 3311.0 3306.0 3302.0 3303.0 9119.0 9119.0 9119.0 9119.0 9119.0 9119.0 9119.0 9119.0 9119.0 9119.0 3315.0 3323.0 3333.0 3401.0 3434.0 3571.0 3660.0 9119.0 9119.0 9119.0 9119.0 9119.0 9119.0 9119.0 9119.0 3683.0 3653.0 3594.0 3537.0 3531.0 3530.0 3525.0 3576.0 3587.0 3560.0 3536.0 3594.0 3691.0 3753.0 9119.0 3691.0 3691.0 3607.0 3657.0 3851.0 3843.0 3848.0 3859.0 3862.0 3861.0 3859.0 3857.0 3847.0 3846.0 3858.0 3855.0 3853.0 3846.0
3379.0 3376.0 3371.0 3366.0 3354.0 3353.0 3334.0 3339.0 3340.0 3307.0 3308.0 3307.0 3306.0 9119.0 9119.0 9119.0 9119.0 9119.0 9119.0 9119.0 9119.0 9119.0 9119.0 3314.0 3322.0 3334.0 3415.0 3457.0 3579.0 3672.0 9119.0 9119.0 9119.0 9119.0 9119.0 9119.0 9119.0 9119.0 3680.0 3584.0 3575.0 3558.0 3540.0 3529.0 3531.0 3532.0 3545.0 3544.0 3538.0 3585.0 3616.0 9119.0 9119.0 3642.0 3576.0 3633.0 3697.0 3863.0 3844.0 3829.0 3835.0 3852.0 3861.0 3861.0 3862.0 3848.0 3837.0 3846.0 3863.0 3862.0 3864.0
3386.0 3385.0 3385.0 3368.0 3357.0 3361.0 3363.0 3351.0 3351.0 3354.0 3338.0 3322.0 3320.0 3322.0 3330.0 3332.0 3308.0 3311.0 3307.0 9119.0 9119.0 9119.0 3325.0 3319.0 3325.0 3330.0 3384.0 3478.0 3611.0 3687.0 9119.0 9119.0 9119.0 9119.0 9119.0 9119.0 9119.0 9119.0 3675.0 3633.0 3589.0 3585.0 3560.0 3554.0 3549.0 3541.0 3548.0 3555.0 3554.0 3549.0 3574.0 3687.0 3658.0 3599.0 3570.0 3661.0 3848.0 3855.0 3865.0 3860.0 3847.0 3843.0 3857.0 3863.0 3862.0 3865.0 3862.0 3844.0 3846.0 3855.0 3864.0
3393.0 3390.0 3379.0 3369.0 3367.0 3366.0 3375.0 3376.0 3370.0 3360.0 3374.0 3379.0 3363.0 3353.0 3350.0 3359.0 3348.0 3329.0 3322.0 3329.0 3325.0 3317.0 3314.0 3343.0 3332.0 3337.0 3421.0 3489.0 3570.0 9119.0 9119.0 9119.0 9119.0 9119.0 9119.0 9119.0 9119.0 3683.0 3678.0 3656.0 3605.0 3601.0 3592.0 3580.0 3572.0 3568.0 3565.0 3566.0 3568.0 3558.0 3552.0 3558.0 3577.0 3564.0 3582.0 3681.0 3818.0 3849.0 3869.0 3869.0 3863.0 3854.0 3853.0 3858.0 3859.0 3860.0 3865.0 3860.0 3853.0 3849.0 3854.0
3390.0 3391.0 3385.0 3377.0 3371.0 3378.0 3386.0 3386.0 3384.0 3368.0 3387.0 3393.0 3370.0 3384.0 3381.0 3372.0 3372.0 3373.0 3374.0 3360.0 3344.0 3349.0 3368.0 3364.0 3354.0 3338.0 3444.0 3536.0 9119.0 9119.0 9119.0 9119.0 9119.0 9119.0 9119.0 9119.0 9119.0 3659.0 3652.0 3647.0 3619.0 3617.0 3614.0 3596.0 3584.0 3583.0 3585.0 3583.0 3585.0 3582.0 3579.0 3570.0 3567.0 3567.0 3592.0 3738.0 3798.0 3827.0 3848.0 3866.0 3869.0 3864.0 3853.0 3842.0 3799.0 3708.0 3671.0 3710.0 3734.0 3665.0 3723.0
3400.0 3393.0 3392.0 3373.0 3377.0 3385.0 3389.0 3392.0 3378.0 3377.0 3396.0 3394.0 3388.0 3398.0 3395.0 3378.0 3400.0 3400.0 3393.0 3380.0 3382.0 3381.0 3388.0 3390.0 3393.0 3386.0 3446.0 3581.0 3645.0 3672.0 9119.0 9119.0 9119.0 9119.0 3687.0 3688.0 3690.0 3679.0 3653.0 3659.0 3628.0 3622.0 3622.0 3616.0 3606.0 3598.0 3608.0 3606.0 3604.0 3599.0 3598.0 3596.0 3591.0 3590.0 3595.0 3600.0 3693.0 3631.0 3594.0 3622.0 3693.0 3594.0 3652.0 3737.0 3715.0 3657.0 3631.0 3612.0 3599.0 3604.0 3613.0
3398.0 3396.0 3399.0 3382.0 3387.0 3397.0 3401.0 3398.0 3380.0 3393.0 3395.0 3397.0 3394.0 3406.0 3396.0 3386.0 3401.0 3408.0 3397.0 3403.0 3405.0 3395.0 3393.0 3396.0 3407.0 3396.0 3415.0 3436.0 3583.0 3633.0 3670.0 3652.0 3652.0 9119.0 3683.0 3675.0 3676.0 3674.0 3648.0 3630.0 3626.0 3614.0 3611.0 3613.0 3616.0 3609.0 3611.0 3614.0 3610.0 3610.0 3609.0 3610.0 3605.0 3597.0 3590.0 3584.0 3597.0 3564.0 3558.0 3563.0 3557.0 3560.0 3565.0 3561.0 3566.0 3582.0 3568.0 3570.0 3567.0 3569.0 3568.0
3398.0 3397.0 3398.0 3393.0 3396.0 3402.0 3402.0 3392.0 3398.0 3406.0 3404.0 3400.0 3404.0 3402.0 3396.0 3393.0 3395.0 3404.0 3405.0 3409.0 3413.0 3398.0 3405.0 3407.0 3413.0 3419.0 3424.0 3428.0 3444.0 3501.0 3573.0 3524.0 3552.0 3640.0 3640.0 3634.0 3639.0 3646.0 3618.0 3616.0 3615.0 3610.0 3605.0 3607.0 3605.0 3605.0 3608.0 3610.0 3614.0 3619.0 3616.0 3608.0 3604.0 3599.0 3588.0 3576.0 3568.0 3568.0 3564.0 3565.0 3562.0 3562.0 3562.0 3567.0 3565.0 3565.0 3567.0 3563.0 3558.0 3563.0 3561.0
3404.0 3404.0 3399.0 3397.0 3404.0 3402.0 3403.0 3401.0 3408.0 3408.0 3403.0 3405.0 3406.0 3403.0 3401.0 3403.0 3401.0 3400.0 3406.0 3409.0 3407.0 3409.0 3411.0 3417.0 3427.0 3429.0 3435.0 3436.0 3439.0 3448.0 3467.0 3472.0 3471.0 3519.0 3539.0 3520.0 3520.0 3562.0 3579.0 3598.0 3592.0 3592.0 3594.0 3595.0 3595.0 3591.0 3595.0 3598.0 3607.0 3616.0 3612.0 3615.0 3609.0 3599.0 3588.0 3578.0 3580.0 3575.0 3574.0 3574.0 3572.0 3574.0 3574.0 3573.0 3573.0 3570.0 3566.0 3564.0 3558.0 3557.0 3561.0
9119.0 3405.0 3403.0 3394.0 3408.0 3403.0 3404.0 3405.0 3409.0 3407.0 3403.0 3407.0 3401.0 3400.0 3395.0 3401.0 3402.0 3397.0 3398.0 3411.0 3413.0 3416.0 3424.0 3422.0 3427.0 3439.0 3446.0 3452.0 3456.0 3459.0 3471.0 3473.0 3475.0 3480.0 3484.0 3498.0 3512.0 3534.0 3555.0 3569.0 3574.0 3572.0 3577.0 3577.0 3568.0 3569.0 3571.0 3577.0 3588.0 3601.0 3605.0 3612.0 3613.0 3605.0 3597.0 3602.0 3590.0 3590.0 3588.0 3585.0 3582.0 3581.0 3584.0 3579.0 3578.0 3579.0 3568.0 3562.0 3546.0 3538.0 3537.0
9119.0 9119.0 9119.0 9119.0 3403.0 3404.0 3400.0 3405.0 3405.0 3403.0 3400.0 3405.0 3411.0 3399.0 3397.0 3407.0 3402.0 3399.0 3412.0 3414.0 3420.0 3430.0 3435.0 3433.0 3434.0 3452.0 3462.0 3472.0 3476.0 3475.0 3480.0 3488.0 3481.0 3479.0 3483.0 3493.0 3504.0 3519.0 3535.0 3539.0 3545.0 3554.0 3559.0 3562.0 3561.0 3560.0 3563.0 3570.0 3573.0 3584.0 3594.0 3596.0 3596.0 3596.0 3593.0 3586.0 3580.0 3577.0 3569.0 3574.0 3576.0 3572.0 3568.0 3569.0 3567.0 3568.0 3559.0 3543.0 3515.0 3501.0 3500.0
9119.0 9119.0 9119.0 9119.0 9119.0 9119.0 9119.0 3403.0 3403.0 3406.0 3428.0 3440.0 3442.0 3444.0 3437.0 3428.0 3417.0 3422.0 3423.0 3427.0 3437.0 3454.0 3457.0 3452.0 3453.0 3461.0 3477.0 3485.0 3492.0 3487.0 3489.0 3489.0 3486.0 3485.0 3490.0 3493.0 3490.0 3496.0 3513.0 3520.0 3525.0 3541.0 3546.0 3545.0 3555.0 3564.0 3568.0 3571.0 3571.0 3581.0 3581.0 3581.0 3577.0 3570.0 3571.0 3564.0 3562.0 3546.0 3547.0 3557.0 3554.0 3553.0 3559.0 3567.0 3563.0 3559.0 3545.0 3516.0 3495.0 3479.0 3475.0
9119.0 9119.0 9119.0 9119.0 9119.0 9119.0 9119.0 9119.0 9119.0 9119.0 9119.0 3456.0 3454.0 3458.0 3452.0 3446.0 3442.0 3437.0 3435.0 3441.0 3459.0 3464.0 3466.0 3469.0 3472.0 3480.0 3486.0 3498.0 3502.0 3498.0 3493.0 3492.0 3490.0 3493.0 3500.0 3492.0 3481.0 3486.0 3497.0 3511.0 3516.0 3531.0 3540.0 3544.0 3557.0 3563.0 3569.0 3568.0 3558.0 3557.0 3556.0 3557.0 3548.0 3543.0 3542.0 3531.0 3529.0 3527.0 3530.0 3537.0 3547.0 3557.0 3563.0 3569.0 3557.0 3550.0 3516.0 3479.0 3478.0 3470.0 3461.0
9119.0 9119.0 9119.0 9119.0 9119.0 9119.0 9119.0 9119.0 9119.0 9119.0 9119.0 9119.0 9119.0 9119.0 9119.0 3449.0 3447.0 3440.0 3439.0 3443.0 3451.0 3455.0 3455.0 3465.0 3467.0 3485.0 3495.0 3508.0 3511.0 3512.0 3508.0 3509.0 3502.0 3502.0 3501.0 3486.0 3476.0 3482.0 3494.0 3503.0 3509.0 3513.0 3532.0 3537.0 3547.0 3553.0 3554.0 3553.0 3547.0 3539.0 3537.0 3531.0 3522.0 3522.0 3525.0 3527.0 3522.0 3519.0 3521.0 3528.0 3547.0 3554.0 3560.0 3555.0 3544.0 3514.0 3448.0 3454.0 3458.0 3452.0 3452.0
9119.0 9119.0 9119.0 9119.0 9119.0 9119.0 9119.0 9119.0 9119.0 9119.0 9119.0 9119.0 9119.0 9119.0 9119.0 9119.0 9119.0 9119.0 9119.0 9119.0 3455.0 3460.0 3464.0 3465.0 3475.0 3485.0 3488.0 3502.0 3510.0 3511.0 3509.0 3511.0 3505.0 3502.0 3496.0 3486.0 3487.0 3489.0 3493.0 3500.0 3504.0 3508.0 3518.0 3530.0 3531.0 3536.0 3547.0 3543.0 3545.0 3540.0 3529.0 3514.0 3522.0 3520.0 3521.0 3528.0 3531.0 3525.0 3522.0 3523.0 3541.0 3544.0 3548.0 3536.0 3509.0 3458.0 3440.0 3444.0 3443.0 9119.0 9119.0
9119.0 9119.0 9119.0 9119.0 9119.0 9119.0 9119.0 9119.0 9119.0 9119.0 9119.0 9119.0 9119.0 9119.0 9119.0 9119.0 9119.0 9119.0 9119.0 9119.0 9119.0 9119.0 9119.0 9119.0 3470.0 3476.0 3488.0 3497.0 3499.0 3503.0 3503.0 3500.0 3497.0 3498.0 3493.0 3488.0 3486.0 3488.0 3491.0 3496.0 3502.0 3506.0 3511.0 3524.0 3526.0 3527.0 3541.0 3538.0 3537.0 3537.0 3527.0 3521.0 3521.0 3520.0 3520.0 3524.0 3528.0 3521.0 3527.0 3526.0 3535.0 3534.0 3529.0 3499.0 3439.0 9119.0 9119.0 9119.0 9119.0 9119.0 9119.0
9119.0 9119.0 9119.0 9119.0 9119.0 9119.0 9119.0 9119.0 9119.0 9119.0 9119.0 9119.0 9119.0 9119.0 9119.0 9119.0 9119.0 9119.0 9119.0 9119.0 9119.0 9119.0 9119.0 9119.0 9119.0 9119.0 9119.0 9119.0 9119.0 9119.0 9119.0 9119.0 9119.0 9119.0 9119.0 3498.0 3498.0 3493.0 3502.0 3505.0 3506.0 3510.0 3520.0 3532.0 3532.0 3535.0 3538.0 3533.0 3534.0 3530.0 3524.0 3521.0 3523.0 3525.0 3522.0 3524.0 3525.0 3523.0 9119.0 9119.0 9119.0 9119.0 9119.0 9119.0 9119.0 9119.0 9119.0 9119.0 9119.0 9119.0 9119.0
9119.0 9119.0 9119.0 9119.0 9119.0 9119.0 9119.0 9119.0 9119.0 9119.0 9119.0 9119.0 9119.0 9119.0 9119.0 9119.0 9119.0 9119.0 9119.0 9119.0 9119.0 9119.0 9119.0 9119.0 9119.0 9119.0 9119.0 9119.0 9119.0 9119.0 9119.0 9119.0 9119.0 9119.0 9119.0 9119.0 9119.0 9119.0 9119.0 9119.0 9119.0 9119.0 9119.0 9119.0 9119.0 9119.0 9119.0 9119.0 9119.0 9119.0 9119.0 9119.0 9119.0 9119.0 9119.0 9119.0 9119.0 9119.0 9119.0 9119.0 9119.0 9119.0 9119.0 9119.0 9119.0 9119.0 9119.0 9119.0 9119.0 9119.0 9119.0
9119.0 9119.0 9119.0 9119.0 9119.0 9119.0 9119.0 9119.0 9119.0 9119.0 9119.0 9119.0 9119.0 9119.0 9119.0 9119.0 9119.0 9119.0 9119.0 9119.0 9119.0 9119.0 9119.0 9119.0 9119.0 9119.0 9119.0 9119.0 9119.0 9119.0 9119.0 9119.0 9119.0 9119.0 9119.0 9119.0 9119.0 9119.0 9119.0 9119.0 9119.0 9119.0 9119.0 9119.0 9119.0 9119.0 9119.0 9119.0 9119.0 9119.0 9119.0 9119.0 9119.0 9119.0 9119.0 9119.0 9119.0 9119.0 9119.0 9119.0 9119.0 9119.0 9119.0 9119.0 9119.0 9119.0 9119.0 9119.0 9119.0 9119.0 9119.0
9119.0 9119.0 9119.0 9119.0 9119.0 9119.0 9119.0 9119.0 9119.0 9119.0 9119.0 9119.0 9119.0 9119.0 9119.0 9119.0 9119.0 9119.0 9119.0 9119.0 9119.0 9119.0 9119.0 9119.0 9119.0 9119.0 9119.0 9119.0 9119.0 9119.0 9119.0 9119.0 9119.0 9119.0 9119.0 9119.0 9119.0 9119.0 9119.0 9119.0 9119.0 9119.0 9119.0 9119.0 9119.0 9119.0 9119.0 9119.0 9119.0 9119.0 9119.0 9119.0 9119.0 9119.0 9119.0 9119.0 9119.0 9119.0 9119.0 9119.0 9119.0 9119.0 9119.0 9119.0 9119.0 9119.0 9119.0 9119.0 9119.0 9119.0 9119.0
9119.0 9119.0 9119.0 9119.0 9119.0 9119.0 9119.0 9119.0 9119.0 9119.0 9119.0 9119.0 9119.0 9119.0 9119.0 9119.0 9119.0 9119.0 9119.0 9119.0 9119.0 9119.0 9119.0 9119.0 9119.0 9119.0 9119.0 9119.0 9119.0 9119.0 9119.0 9119.0 9119.0 9119.0 9119.0 9119.0 9119.0 9119.0 9119.0 9119.0 9119.0 9119.0 9119.0 9119.0 9119.0 9119.0 9119.0 9119.0 9119.0 9119.0 9119.0 9119.0 9119.0 9119.0 9119.0 9119.0 9119.0 9119.0 9119.0 9119.0 9119.0 9119.0 9119.0 9119.0 9119.0 9119.0 9119.0 9119.0 9119.0 9119.0 9119.0
9119.0 9119.0 9119.0 9119.0 9119.0 9119.0 9119.0 9119.0 9119.0 9119.0 9119.0 9119.0 9119.0 9119.0 9119.0 9119.0 9119.0 9119.0 9119.0 9119.0 9119.0 9119.0 9119.0 9119.0 9119.0 9119.0 9119.0 9119.0 9119.0 9119.0 9119.0 9119.0 9119.0 9119.0 9119.0 9119.0 9119.0 9119.0 9119.0 9119.0 9119.0 9119.0 9119.0 9119.0 9119.0 9119.0 9119.0 9119.0 9119.0 9119.0 9119.0 9119.0 9119.0 9119.0 9119.0 9119.0 9119.0 9119.0 9119.0 9119.0 9119.0 9119.0 9119.0 9119.0 9119.0 9119.0 9119.0 9119.0 9119.0 9119.0 9119.0
