example_notebooks/meuse/landimg4.asc
ncols 78
nrows 104
XLLCORNER 178440
YLLCORNER 329600
cellsize 40.00
nodata_value -1
[rows 0 to 52 of 104, columns 0 to 77 of 78]
209 202 174 153 120 97 118 160 203 212 212 209 190 147 118 105 98 97 129 126 97 83 83 93 85 97 86 110 115 125 139 123 133 122 90 122 151 167 144 146 149 142 196 184 161 184 184 169 143 143 170 198 204 196 192 176 138 155 164 189 182 173 157 131 156 120 53 83 151 184 183 171 161 174 182 105 79 75
210 191 169 157 126 94 125 188 223 215 201 187 169 138 133 111 94 108 156 149 109 105 96 94 97 86 74 97 127 157 148 135 137 135 132 149 160 157 142 142 128 127 215 222 212 204 198 190 165 134 141 164 186 191 191 172 131 136 135 155 147 151 146 159 118 69 124 166 179 185 181 160 162 170 166 106 77 71
233 204 152 142 117 103 151 203 236 212 173 172 166 143 143 108 99 114 184 207 166 150 140 143 141 98 71 80 119 163 167 162 166 148 159 158 149 150 148 145 128 124 213 228 221 217 215 205 217 222 179 143 151 177 179 160 136 153 150 149 146 148 152 124 81 143 179 174 165 164 165 171 176 170 160 108 83 91
225 200 159 116 98 149 205 200 231 233 235 216 160 175 180 171 142 162 196 199 225 220 213 184 153 97 75 78 88 108 133 171 184 140 160 138 157 166 146 151 129 126 205 224 218 217 215 210 240 254 247 226 177 158 137 137 159 162 138 151 167 143 93 88 145 192 180 172 177 161 163 173 172 169 143 88 100 110
220 197 156 108 110 187 230 228 242 243 205 180 189 208 221 209 161 132 135 160 230 244 248 211 123 89 87 87 85 88 109 140 139 140 134 129 138 133 126 120 121 127 208 219 215 218 214 214 250 254 254 254 234 169 141 146 160 175 164 167 177 104 68 152 163 192 201 170 187 170 160 168 168 158 112 96 128 124
228 229 164 106 127 209 230 228 245 210 182 211 229 209 211 212 198 157 156 187 237 246 244 205 100 82 109 127 129 136 98 95 98 94 79 86 94 107 125 129 140 129 205 213 216 220 217 228 254 254 254 254 254 211 161 149 164 155 166 173 109 66 122 198 183 169 209 188 179 175 160 169 160 133 92 111 133 125
233 222 132 106 158 226 225 199 193 186 203 220 224 212 206 184 155 145 134 159 182 179 170 142 91 95 133 143 146 159 129 86 94 97 87 87 98 109 130 135 141 128 158 167 174 189 206 234 254 254 254 254 254 219 187 165 189 197 194 129 55 84 161 191 214 182 186 207 158 157 165 152 156 124 119 114 106 101
225 172 101 136 200 228 211 160 154 202 223 218 214 209 175 140 147 143 121 108 94 90 103 105 98 111 140 105 111 127 133 107 111 125 99 82 113 136 146 144 125 118 93 90 96 120 145 170 231 251 252 252 250 216 203 177 211 213 183 73 38 143 219 169 205 213 177 208 186 145 161 160 159 132 117 108 111 118
225 158 121 179 218 221 172 137 147 171 198 205 180 148 137 135 144 134 111 100 101 108 127 114 92 148 164 132 132 127 106 107 102 107 100 81 111 140 142 129 131 126 95 110 123 132 128 132 185 224 204 170 170 179 161 143 192 192 149 69 76 207 252 206 174 215 193 182 216 187 154 159 163 138 110 102 114 116
211 121 126 154 175 169 121 121 136 133 142 141 118 112 116 110 106 109 109 102 98 123 147 123 94 155 172 143 155 172 173 139 105 135 125 101 126 141 140 140 152 140 115 134 159 164 133 138 192 228 210 164 131 122 121 129 159 169 97 42 139 231 254 250 187 188 208 175 200 211 171 158 161 148 117 106 105 112
150 109 105 113 111 120 146 142 132 113 112 110 102 114 123 133 125 133 142 155 124 103 128 115 95 164 163 157 174 186 192 162 112 135 127 128 138 141 136 144 150 141 118 114 129 144 151 161 195 202 215 208 193 127 144 164 188 153 56 47 139 201 246 255 231 168 194 193 184 156 121 151 156 156 132 117 112 110
129 135 129 142 143 151 178 186 198 187 158 139 134 140 142 143 142 142 127 139 131 141 145 107 101 139 143 154 171 183 180 160 113 102 116 125 135 135 143 145 145 146 120 115 120 131 162 175 171 167 159 146 130 153 171 179 205 109 41 102 146 153 218 251 250 201 169 173 135 108 107 140 165 176 158 126 122 109
130 140 141 148 157 167 185 206 237 238 214 165 136 139 120 120 137 139 112 125 165 163 139 91 104 145 161 168 182 191 209 155 111 120 118 105 109 116 145 142 142 147 126 133 147 159 168 147 126 108 87 94 127 167 175 196 199 62 52 141 184 131 156 222 246 230 158 111 110 108 121 162 194 211 165 128 120 119
123 137 147 145 146 150 203 231 237 239 201 148 126 103 64 93 141 120 107 127 153 154 124 88 135 213 232 231 190 166 171 142 129 140 136 119 105 113 138 141 147 180 185 155 147 153 137 109 96 84 109 163 204 205 195 213 139 35 102 147 171 146 123 179 225 174 125 112 124 136 144 166 223 247 183 147 145 125
110 132 183 174 162 142 177 226 238 235 188 141 113 60 41 105 139 119 126 133 142 138 115 94 154 183 194 199 140 141 157 152 145 136 152 131 102 99 132 158 191 217 209 169 143 140 103 84 85 89 132 188 219 226 212 175 56 73 157 155 122 154 137 149 187 126 134 175 148 149 180 198 203 240 218 144 140 107
106 123 211 209 205 189 154 163 210 242 231 202 152 77 75 127 125 129 172 172 151 133 115 105 143 162 153 132 135 144 163 152 144 141 154 130 109 98 119 182 192 200 206 191 155 126 111 126 138 159 202 213 212 219 206 151 40 103 180 178 133 139 176 191 224 201 210 195 161 200 252 231 119 169 207 147 131 67
168 153 192 189 201 212 183 144 152 199 235 230 193 132 118 131 166 188 191 173 142 131 115 113 151 159 150 152 145 156 176 171 136 158 144 105 114 122 121 132 135 171 203 198 184 176 207 198 188 222 240 227 215 222 179 92 48 151 183 183 148 145 200 231 226 199 188 202 218 246 255 227 157 163 164 144 89 37
219 197 161 136 155 188 179 160 151 147 167 184 167 146 140 144 173 217 210 184 141 114 102 105 123 128 149 186 177 191 206 160 140 145 113 97 113 151 136 109 109 154 203 200 198 171 151 151 161 222 221 193 175 204 130 43 107 177 179 182 172 177 219 234 225 200 224 255 255 255 255 252 225 199 158 125 58 56
218 185 117 107 115 136 164 165 169 146 114 116 123 140 147 135 137 185 216 205 158 130 101 106 110 134 147 156 185 198 183 130 176 178 136 111 133 165 150 116 91 122 193 201 200 166 138 165 181 169 162 156 156 169 70 59 159 172 174 171 157 185 228 230 233 250 254 255 255 255 255 235 206 164 133 64 48 93
208 170 115 105 106 122 165 155 155 142 130 121 123 154 146 126 120 179 218 222 204 161 123 121 119 126 158 165 198 212 188 142 223 235 182 188 208 187 150 153 130 119 148 177 197 168 146 164 161 152 155 159 162 121 52 122 171 169 161 147 136 157 183 164 186 249 255 255 252 245 229 216 193 157 128 29 50 93
204 173 117 105 107 121 158 155 156 146 137 150 177 193 169 151 149 159 182 204 227 173 116 119 117 135 179 200 206 229 231 218 240 228 186 240 227 193 169 180 166 126 99 152 172 144 141 160 156 155 162 161 165 92 79 167 169 167 150 143 142 123 120 120 146 228 246 245 229 218 213 212 168 148 111 22 58 91
216 186 122 105 110 130 155 156 156 157 154 181 202 207 195 130 153 153 162 170 172 142 122 135 138 166 180 178 195 217 223 225 236 231 223 234 210 208 212 207 194 161 128 121 127 135 149 171 167 166 160 167 157 71 99 170 177 206 210 201 166 107 109 122 133 217 244 242 215 216 225 202 146 125 66 24 76 110
215 170 120 110 126 141 149 155 155 157 184 199 202 208 179 127 189 182 166 150 140 160 155 178 199 187 170 153 160 198 208 210 216 219 220 225 206 213 223 222 202 179 164 134 128 139 150 183 185 169 169 169 126 57 136 173 203 232 228 217 178 107 104 122 129 195 227 226 218 233 238 178 139 85 33 35 94 127
185 141 116 141 175 160 144 143 168 178 191 200 205 195 137 127 179 231 214 169 120 127 160 174 167 147 145 137 136 188 196 193 201 209 215 225 224 208 181 197 224 216 176 142 115 117 148 167 162 148 183 152 92 66 159 190 240 251 237 219 188 121 102 118 121 167 183 186 223 242 215 150 123 47 23 53 101 129
146 131 121 177 189 186 162 144 191 197 203 191 179 158 131 138 140 177 175 150 115 107 101 108 118 113 111 121 138 158 174 181 179 201 195 178 220 226 212 177 213 217 183 150 131 111 142 152 150 169 196 125 64 95 153 171 239 255 252 236 203 140 99 112 118 143 179 206 221 203 178 147 82 28 25 80 114 131
140 142 160 188 187 194 180 171 179 184 187 152 139 145 138 143 125 98 101 118 139 132 94 104 138 132 111 123 177 152 138 145 114 130 144 160 221 222 225 194 175 170 165 136 137 145 157 151 163 195 179 94 63 127 138 137 188 250 255 252 226 160 107 114 121 133 154 159 138 159 166 132 37 21 29 94 117 114
149 175 202 191 184 169 176 194 171 160 147 136 124 106 87 92 100 123 121 123 135 146 137 147 179 180 154 145 192 199 157 109 92 93 121 188 231 218 189 195 153 138 137 106 132 161 160 159 179 194 134 80 91 138 134 136 151 187 235 255 248 181 117 124 129 115 116 113 113 174 160 86 18 20 28 85 101 99
152 171 199 193 172 155 158 182 182 169 153 146 99 58 35 30 58 148 122 118 144 139 159 173 177 185 183 180 196 193 137 93 94 93 122 201 225 213 206 205 173 139 116 122 149 158 160 178 184 167 76 80 136 145 132 138 143 144 181 233 255 222 136 126 128 108 111 114 155 188 140 40 17 19 32 71 85 99
152 159 163 179 207 203 152 146 162 159 137 94 63 80 91 87 114 160 72 33 69 121 174 192 180 180 181 178 165 162 116 92 91 97 125 162 157 162 184 205 181 128 133 174 166 152 165 178 165 108 66 142 189 152 134 141 142 140 140 174 231 214 134 123 131 150 153 147 195 180 87 21 17 22 51 92 107 132
158 151 153 163 203 196 129 124 129 130 116 62 68 114 124 135 159 176 72 20 22 57 155 178 197 184 182 174 139 174 170 122 103 118 144 145 147 146 156 147 142 154 182 191 175 159 164 157 96 63 146 194 183 149 142 143 144 148 148 162 202 185 128 138 160 166 152 149 183 139 38 19 16 41 68 83 132 136
187 163 160 147 147 135 114 93 105 118 110 71 88 100 111 119 148 189 85 23 20 36 116 149 195 191 182 170 138 164 198 185 170 174 160 149 172 160 168 149 167 191 192 184 182 180 146 83 54 110 209 203 183 167 178 188 199 214 216 224 224 192 171 179 164 148 157 163 180 105 23 22 30 59 56 46 115 120
181 176 182 158 118 100 118 103 124 135 105 90 93 91 77 96 160 214 131 37 16 23 46 91 171 196 181 168 140 152 178 186 209 210 196 200 198 165 164 187 202 197 186 183 183 155 78 54 131 190 189 226 240 241 241 236 237 237 237 236 227 192 170 158 147 135 156 167 157 57 22 39 68 70 57 60 115 119
153 178 197 178 103 93 125 122 118 101 103 108 87 50 27 29 96 133 65 23 17 21 22 45 128 177 173 162 156 153 167 194 206 208 216 222 201 152 169 209 214 207 193 182 129 65 54 146 213 219 188 242 255 255 246 228 222 218 235 225 183 151 152 155 152 146 181 172 108 25 22 42 72 66 68 92 125 125
162 180 196 194 138 106 151 164 152 123 106 99 67 26 23 21 31 37 16 18 19 19 22 24 73 138 159 166 162 154 168 182 189 198 206 203 187 182 208 207 196 167 127 84 53 80 148 217 228 236 250 255 255 255 236 211 211 210 196 172 148 152 160 162 136 169 192 153 59 17 19 43 70 73 84 105 138 141
169 182 199 205 188 148 152 176 192 194 145 85 46 21 23 21 22 18 21 19 17 19 21 21 26 73 133 163 168 161 188 158 155 157 150 142 159 173 148 113 76 54 45 54 117 183 220 232 223 235 255 255 255 255 236 207 198 183 161 153 149 159 154 150 144 184 170 102 28 19 27 55 75 88 101 113 140 145
177 182 196 198 198 192 166 199 219 228 212 135 102 59 23 23 21 21 20 20 18 19 21 22 22 25 86 152 152 173 204 151 117 102 87 80 64 49 30 30 53 96 134 178 216 230 248 221 183 191 245 255 240 215 196 177 164 175 193 174 152 160 150 134 157 165 124 48 20 19 38 46 47 92 121 130 144 144
180 185 190 197 204 209 192 190 228 241 235 199 163 147 55 21 22 21 20 20 20 20 20 21 22 23 52 114 150 167 145 87 52 52 56 61 64 66 98 148 197 227 243 241 240 247 254 215 182 179 184 201 193 188 180 164 159 177 191 181 165 156 150 139 166 147 81 24 19 29 44 33 56 105 123 131 143 146
165 174 192 203 211 204 182 143 219 247 232 225 204 178 132 40 20 22 20 20 20 20 29 24 21 25 29 84 157 157 103 57 60 140 184 181 172 199 198 226 237 240 240 244 253 253 248 201 184 180 171 203 227 182 174 192 169 149 116 152 168 158 163 162 160 110 41 19 23 43 39 36 91 114 120 130 134 147
175 168 178 203 206 198 136 141 233 245 232 241 236 208 169 107 40 18 21 21 23 22 81 73 24 28 59 118 155 90 63 100 147 180 205 193 180 202 190 195 212 230 217 199 199 191 193 190 182 179 195 223 209 190 200 182 143 139 112 131 165 178 155 160 145 63 20 18 36 62 39 64 120 121 128 131 135 141
201 198 201 208 207 206 138 169 244 250 241 246 244 232 201 164 103 33 20 21 22 22 62 122 64 66 123 144 86 64 123 168 209 205 192 178 163 172 186 184 198 211 188 167 160 156 165 176 170 179 203 215 207 199 186 135 100 129 188 189 180 154 156 160 125 31 17 25 63 92 84 107 126 125 131 132 140 134
204 213 214 210 210 202 127 149 238 253 246 245 245 235 224 182 157 103 23 21 21 22 22 107 128 126 154 85 54 123 172 178 174 176 193 199 176 170 204 210 207 198 180 168 166 164 166 167 170 190 214 217 210 182 125 86 124 160 203 202 165 138 165 145 89 21 23 44 86 111 116 123 115 118 128 133 130 140
198 206 220 213 215 179 128 156 238 254 251 245 244 242 232 212 174 140 63 20 22 23 23 97 163 164 112 46 122 177 170 169 179 184 188 188 169 180 195 214 223 212 185 168 167 170 177 195 185 196 217 215 190 124 84 124 161 174 179 169 137 154 159 102 43 17 37 74 95 98 107 114 112 112 121 133 128 125
198 211 230 226 213 179 178 166 238 254 254 252 249 247 243 230 200 162 129 36 18 25 30 103 163 186 57 70 178 182 172 177 182 189 185 178 163 171 193 213 217 211 194 183 178 176 201 253 230 207 211 197 132 88 100 161 196 214 150 111 128 164 140 65 21 21 61 94 86 59 66 87 107 109 116 119 126 97
211 215 221 225 192 169 223 197 239 254 254 254 240 240 248 243 217 186 155 105 38 39 114 163 179 147 37 102 179 157 173 184 181 176 172 175 187 204 218 225 218 212 199 184 179 188 198 244 249 226 186 113 86 114 150 181 207 212 156 114 145 164 107 33 19 38 90 105 62 28 29 50 108 120 117 112 119 120
213 218 216 210 169 149 155 193 226 249 254 254 244 234 246 246 236 216 192 158 122 118 153 162 180 102 63 140 154 156 166 169 158 157 184 199 204 210 213 218 221 226 211 188 185 190 191 238 253 249 213 145 154 182 180 173 196 206 174 132 159 151 89 26 20 59 106 101 45 34 31 53 116 125 113 97 113 130
211 216 214 187 157 147 148 182 213 236 254 254 253 242 244 253 253 251 237 213 160 147 156 190 180 66 89 150 139 130 119 119 117 129 179 198 196 199 189 187 198 203 198 190 189 187 187 236 253 255 253 200 162 187 183 171 158 164 136 153 175 130 42 19 27 62 92 83 38 32 34 101 117 112 99 92 134 109
195 187 174 165 159 147 138 191 212 223 253 254 254 252 253 254 254 254 254 248 219 208 195 201 155 42 100 119 99 115 135 134 125 152 192 204 223 234 211 188 187 195 196 193 195 181 177 210 232 246 254 246 197 177 185 165 128 103 120 177 187 85 17 22 41 67 77 49 33 23 77 117 119 106 96 113 132 95
198 183 159 165 158 145 148 192 205 215 247 254 254 254 254 254 254 254 254 254 254 251 211 204 141 43 96 99 97 104 119 142 159 172 204 250 255 255 255 249 214 201 199 192 188 180 186 202 218 235 253 250 203 160 137 126 151 148 142 187 150 37 17 38 62 79 61 35 25 54 125 134 109 87 97 135 120 102
196 198 172 152 158 179 172 176 200 208 230 254 254 254 254 254 252 253 254 254 254 249 208 189 127 50 131 133 118 112 110 146 182 192 194 212 233 252 255 255 253 246 233 218 196 192 196 206 216 225 233 239 200 163 126 128 155 147 171 177 91 18 32 68 81 86 45 34 29 92 127 122 108 98 99 118 102 142
174 193 200 152 182 198 172 174 197 208 218 251 252 250 245 243 242 251 254 254 254 242 196 181 120 62 157 180 179 150 111 111 133 175 178 181 187 202 232 252 255 255 255 255 249 209 186 198 209 224 230 245 200 155 174 140 137 158 197 137 41 16 60 103 102 70 25 22 40 108 116 110 122 118 109 101 103 129
157 197 232 216 215 187 172 177 195 207 202 236 243 237 238 235 237 251 254 254 250 220 189 178 112 77 156 172 180 156 114 118 127 150 174 177 161 157 210 250 255 255 255 255 255 206 172 173 178 203 234 239 176 136 177 181 158 175 186 79 16 23 98 122 89 29 15 19 64 118 103 98 118 111 97 111 112 105
152 164 202 224 183 167 167 171 183 196 200 219 235 233 234 229 225 234 254 245 235 213 194 165 97 95 167 165 167 183 165 166 178 188 187 179 161 178 186 200 238 226 220 237 204 175 170 170 171 177 203 223 167 143 138 118 144 174 140 36 14 18 52 68 45 15 17 28 80 98 112 108 123 107 105 128 141 127
148 154 164 199 163 161 162 155 189 229 240 222 220 224 224 227 229 226 234 234 232 209 200 139 80 122 177 187 170 174 196 231 237 221 216 195 165 162 186 189 180 199 188 180 156 166 165 165 170 168 173 195 149 145 133 123 141 144 84 16 17 16 16 17 16 17 16 49 102 95 112 114 107 116 157 130 117 120
