example_notebooks/meuse/landimg2.asc
ncols 78
nrows 104
XLLCORNER 178440
YLLCORNER 329600
cellsize 40.00
nodata_value -1
[rows 0 to 54 of 104, columns 0 to 77 of 78]
53 121 186 169 179 154 142 82 72 63 46 53 81 92 151 200 171 180 177 155 189 209 171 151 148 126 132 84 17 22 60 9 7 11 82 60 117 167 88 48 40 55 53 100 119 133 140 106 42 57 61 71 90 91 89 71 35 38 60 100 107 147 124 65 97 103 67 114 92 106 123 111 112 96 119 143 147 110
116 134 145 156 176 173 178 148 149 117 58 55 57 157 190 154 112 69 90 104 153 156 142 132 147 155 155 78 32 63 124 52 34 27 68 123 159 167 143 124 130 96 50 48 69 78 92 102 69 34 24 34 71 87 97 84 34 24 28 70 74 102 110 91 103 146 193 103 102 119 127 108 94 97 137 137 122 111
101 108 94 88 115 178 165 169 166 125 68 64 101 243 242 163 64 50 83 99 132 104 62 30 49 100 161 188 122 95 99 85 106 86 132 170 172 147 140 130 126 95 57 51 48 38 41 45 56 80 43 19 31 57 90 124 55 59 67 116 117 125 130 87 179 238 150 136 131 133 119 122 114 138 170 116 137 148
75 112 138 155 154 149 95 134 164 157 154 137 111 160 143 142 178 140 108 93 102 74 59 47 67 154 185 187 165 135 96 68 120 113 128 144 153 129 116 142 120 103 57 47 43 44 49 50 61 71 74 63 74 59 51 79 108 104 49 66 121 109 98 179 191 97 138 220 150 126 134 149 151 186 142 118 128 129
73 111 152 156 147 95 56 100 166 161 110 68 58 80 102 88 140 176 157 109 62 58 54 91 154 181 168 151 169 179 195 136 93 126 153 149 122 83 116 151 139 115 57 46 43 39 48 57 66 77 83 83 104 86 35 8 34 132 127 139 132 67 106 183 113 80 113 237 176 127 132 168 176 164 102 100 104 118
67 93 129 143 133 86 51 106 168 125 67 76 79 50 49 46 64 131 144 104 66 62 70 71 163 194 172 120 133 152 202 198 155 143 171 169 158 148 150 143 119 143 63 38 42 50 47 52 76 80 73 64 64 72 32 2 15 81 127 141 77 64 141 110 160 121 82 160 178 130 136 151 158 144 100 102 113 131
70 76 123 146 113 71 64 93 160 119 84 83 69 48 46 66 117 161 192 160 114 117 103 107 183 159 120 120 95 99 164 185 171 127 179 184 176 178 176 194 190 201 162 158 146 126 99 91 83 84 78 80 75 80 48 18 51 111 147 121 47 83 126 105 123 180 95 90 129 137 130 114 120 105 101 137 134 129
74 119 145 148 96 52 72 111 195 145 83 65 47 68 94 129 143 181 223 192 171 178 178 174 198 95 74 137 109 113 173 208 157 75 124 168 168 186 214 201 145 168 179 176 187 200 214 211 145 116 80 78 98 106 96 100 130 144 152 55 25 66 101 140 97 173 157 73 94 133 139 141 146 91 136 145 119 117
75 139 152 114 71 67 118 137 187 118 64 62 84 128 175 180 218 204 195 189 207 192 164 194 215 136 98 103 95 102 153 164 150 80 104 170 187 202 202 174 112 146 177 166 169 179 196 198 154 97 94 57 48 103 98 92 120 155 144 68 38 81 89 103 125 105 178 112 95 126 160 136 97 72 135 156 145 157
94 164 194 169 147 139 200 172 177 178 179 157 157 168 187 201 198 168 154 163 181 146 108 129 200 133 110 118 140 135 125 150 163 115 99 161 206 236 218 190 147 164 131 101 85 115 188 177 124 47 40 43 49 47 26 12 57 149 87 36 68 89 88 84 138 115 127 176 118 122 137 130 119 78 94 120 135 144
177 190 212 204 185 157 184 177 166 177 206 206 198 183 165 191 220 185 154 132 136 148 154 174 196 137 164 166 136 121 132 136 154 134 116 139 215 254 254 247 249 238 105 54 48 87 135 131 75 69 57 70 80 21 0 9 45 130 45 21 97 100 79 78 97 145 112 185 155 152 173 133 134 87 61 134 152 150
233 225 217 190 137 87 149 128 114 109 105 121 182 213 229 253 254 250 177 105 78 131 111 187 211 172 199 183 153 164 179 155 154 168 114 140 215 246 215 239 253 251 159 61 55 67 87 122 124 85 105 106 55 22 35 51 123 95 31 52 110 135 102 80 80 120 152 170 175 195 193 142 132 101 50 90 140 124
247 237 221 193 143 83 132 104 68 65 85 143 201 205 172 185 238 252 164 70 82 98 98 176 211 181 173 158 115 143 179 159 110 184 148 176 220 226 181 229 253 251 174 141 168 201 139 138 146 143 153 134 87 139 140 140 139 46 41 103 126 160 142 105 79 98 170 203 195 194 165 116 122 103 71 62 112 85
241 212 201 215 212 199 117 75 65 68 155 209 216 129 50 76 229 229 109 45 60 75 109 188 185 152 136 134 126 135 140 124 124 209 172 204 231 208 172 181 217 160 142 194 217 229 168 162 161 153 96 76 73 103 124 134 99 20 72 167 151 147 170 140 115 150 190 203 155 120 155 139 106 99 75 42 59 86
209 169 141 172 194 219 179 87 63 74 155 210 181 51 41 133 246 161 58 32 34 71 126 209 206 157 149 143 79 117 181 157 205 210 129 160 184 186 162 153 107 84 98 195 236 247 181 140 144 118 70 59 45 64 120 136 43 59 118 157 176 141 166 168 150 182 178 147 121 86 108 128 116 98 99 77 46 52
163 139 109 111 122 160 204 206 147 59 71 116 126 75 69 200 238 92 62 60 65 79 149 209 177 152 138 104 57 64 149 156 238 167 115 148 186 190 174 100 103 97 67 122 195 207 122 61 55 33 43 48 40 76 137 120 23 92 122 144 165 164 142 120 96 108 102 82 101 98 84 117 178 152 119 137 87 53
128 134 121 121 105 99 144 217 221 156 78 83 149 176 166 226 198 67 101 114 85 128 181 233 192 158 135 91 87 127 145 152 206 111 101 151 165 180 186 164 181 128 58 70 116 130 78 64 48 63 85 94 96 104 129 81 48 111 123 138 156 170 112 71 80 94 93 88 103 117 105 111 142 157 160 170 109 60
114 126 154 178 148 105 147 175 208 230 167 153 196 211 214 252 235 153 122 122 98 114 149 244 249 169 131 112 141 132 93 193 149 101 128 143 152 174 184 212 191 134 75 61 71 68 39 68 113 113 109 158 173 143 98 40 96 111 120 128 150 135 61 60 79 98 101 99 113 123 110 86 59 106 186 144 73 72
87 134 200 206 200 180 161 158 174 199 205 206 210 242 251 254 249 224 152 143 161 143 156 232 236 149 163 191 154 111 151 202 105 119 140 158 164 170 168 177 202 177 101 76 71 71 40 71 107 80 119 168 176 149 69 56 116 107 119 142 168 124 48 49 75 109 104 104 115 113 86 68 63 152 162 73 80 171
97 139 201 208 207 188 165 190 182 183 190 196 201 228 252 210 155 158 137 143 163 154 128 157 196 166 151 185 118 100 164 146 87 92 129 169 178 169 186 171 182 181 172 118 69 78 90 125 97 63 159 182 177 155 47 90 108 100 138 174 187 176 143 137 131 95 91 91 102 86 61 53 85 163 152 52 130 249
106 127 194 205 203 213 219 250 221 187 178 162 128 112 215 229 181 140 139 116 112 92 42 48 101 134 95 95 65 60 86 94 75 97 136 174 163 109 171 176 145 171 215 123 68 80 105 142 112 80 168 179 178 171 64 110 119 154 173 177 188 202 195 195 153 67 57 65 74 63 74 91 136 157 123 53 142 249
101 114 194 202 203 235 254 254 252 227 164 106 78 74 93 127 218 240 212 160 94 35 15 30 42 90 125 142 101 54 54 68 91 91 114 171 149 66 86 126 136 167 167 147 112 99 113 113 96 96 158 177 204 148 73 115 129 119 96 112 151 197 197 195 165 70 53 63 111 141 143 147 143 137 96 69 177 255
120 138 197 199 193 194 240 254 252 226 106 82 89 77 54 33 120 207 223 217 168 46 15 40 70 98 186 226 192 80 52 69 73 98 109 105 115 61 46 95 107 125 127 147 148 141 149 102 90 139 156 202 239 98 94 142 172 104 70 83 127 178 202 205 183 108 70 81 105 117 110 133 152 110 70 84 197 229
130 168 193 175 145 164 183 225 186 126 88 71 77 83 48 49 81 120 141 176 161 128 68 82 127 105 138 172 165 107 70 61 53 53 66 68 52 44 43 74 99 118 120 106 152 149 93 82 136 166 163 229 235 72 125 179 185 146 93 82 113 157 193 209 187 146 107 106 85 88 107 138 150 76 55 104 213 229
175 191 198 129 120 151 163 134 90 87 69 70 88 82 62 66 70 93 75 70 52 131 134 131 148 134 107 98 116 149 124 84 75 42 32 57 68 83 82 73 119 111 101 135 184 178 94 130 179 159 190 231 146 88 167 176 181 171 138 100 90 145 192 202 188 171 143 122 76 75 122 145 112 65 62 151 208 197
203 192 160 110 120 120 133 116 105 99 82 94 100 87 81 68 43 47 34 44 43 117 169 170 169 151 147 133 95 98 135 135 130 103 73 59 53 70 87 134 196 178 124 181 218 181 146 174 168 143 226 204 86 139 169 157 189 193 172 140 103 128 191 202 192 167 135 109 69 59 111 134 72 68 82 224 237 202
206 161 107 114 127 150 121 95 112 113 104 79 77 110 143 135 76 63 65 65 66 115 170 181 156 147 156 165 96 70 98 154 145 138 113 64 33 49 84 132 161 183 152 156 153 122 161 175 155 163 248 167 93 156 170 170 186 188 181 152 124 133 170 179 163 117 94 80 37 79 120 111 55 67 80 229 251 241
193 173 110 114 143 191 178 104 93 88 83 94 124 158 143 142 131 89 67 77 90 83 117 153 149 149 152 153 109 78 126 155 148 129 89 47 40 83 129 104 85 142 178 125 101 162 179 162 164 198 186 81 126 174 156 163 179 182 174 157 143 143 149 150 144 94 87 60 45 112 124 73 41 52 79 188 195 117
242 209 174 153 89 101 192 193 122 80 100 142 144 154 184 177 138 89 56 56 70 88 112 130 144 149 151 155 118 103 151 154 142 94 85 107 93 132 157 135 110 108 129 106 144 169 170 167 214 199 59 115 147 164 171 182 174 181 176 157 139 134 148 154 149 88 67 52 75 114 109 64 47 60 134 244 103 62
208 241 234 213 136 99 129 165 158 84 109 190 220 249 254 242 148 104 77 56 55 59 105 119 126 146 148 131 106 139 154 156 111 75 120 162 135 129 160 164 110 86 99 117 147 149 153 216 197 100 104 120 113 176 187 183 173 170 144 123 108 113 152 139 127 110 75 91 122 111 79 60 42 102 178 168 180 220
140 188 219 217 220 229 137 150 141 63 101 213 254 254 254 254 162 131 100 68 52 51 92 95 111 127 142 131 144 197 153 131 76 94 155 140 111 121 163 168 135 119 123 112 126 174 216 205 65 73 118 90 120 170 152 130 112 84 73 62 61 92 105 71 78 93 103 124 126 108 68 67 95 161 135 55 209 241
147 149 167 212 226 253 238 197 123 111 218 249 254 254 245 213 154 148 115 81 74 58 66 79 116 118 125 153 148 173 148 93 55 71 94 87 100 111 145 144 107 102 102 137 175 226 174 63 93 101 81 96 121 116 76 62 60 52 62 58 58 78 58 37 22 31 73 111 123 78 55 104 215 202 140 115 233 255
183 156 150 173 214 250 240 206 103 118 251 254 253 203 108 69 142 173 109 86 66 55 52 61 106 139 156 177 178 169 124 68 58 63 64 65 94 115 100 100 95 107 140 208 228 154 55 112 92 66 61 95 130 133 95 67 59 60 54 56 64 43 26 22 26 27 57 106 113 54 57 113 196 176 157 172 209 210
152 149 142 148 183 210 174 173 102 133 251 254 245 113 84 82 90 108 96 81 65 70 71 64 64 115 154 174 177 176 154 122 80 74 76 64 98 102 109 133 166 208 229 182 88 76 119 87 66 91 98 115 123 132 133 81 73 86 64 52 39 26 17 31 21 49 88 113 83 48 62 103 164 184 199 219 179 171
144 145 141 143 164 171 156 158 101 130 232 230 152 75 91 81 76 83 85 85 81 78 79 75 58 82 125 149 172 150 109 148 142 129 130 147 166 131 156 139 130 116 88 38 84 118 92 47 73 99 111 126 124 125 126 96 82 84 52 30 30 22 18 35 33 81 110 103 63 45 73 132 203 218 221 195 159 144
148 155 154 148 145 135 159 154 114 119 139 154 123 113 97 89 77 82 77 70 74 78 75 76 63 59 86 129 137 129 107 170 158 159 167 197 96 53 30 29 39 50 69 87 107 94 72 64 69 76 85 109 105 100 104 100 76 72 85 49 20 22 20 27 60 118 123 78 58 41 92 86 78 172 210 156 122 142
164 156 146 147 137 134 159 142 103 119 134 119 128 155 123 100 89 90 72 67 59 68 63 68 56 57 70 85 123 135 153 126 92 103 90 107 59 37 44 65 80 83 96 108 98 79 68 75 103 99 66 86 102 105 91 73 140 177 135 89 31 23 23 25 94 129 99 61 57 67 105 50 84 211 236 161 83 77
182 166 143 140 134 135 148 55 76 122 125 98 102 149 143 97 79 80 72 82 82 78 66 61 55 66 67 60 100 171 138 87 134 228 170 142 119 101 111 114 97 88 103 124 105 101 106 95 119 126 87 83 86 63 64 138 194 206 151 139 53 19 25 53 110 116 61 57 57 95 71 45 174 246 255 249 111 77
162 174 164 140 122 130 97 44 77 104 90 75 77 103 143 141 87 63 68 76 81 72 72 80 82 79 83 107 166 107 143 218 200 146 120 111 130 117 119 85 64 108 180 222 229 229 224 135 101 107 92 60 69 92 130 149 161 215 232 224 149 36 32 90 119 79 53 57 88 142 49 114 244 254 255 251 110 142
149 153 153 140 122 120 56 49 84 81 76 80 81 74 103 149 120 73 69 76 72 58 75 93 89 82 123 160 117 123 220 161 99 106 107 113 146 102 98 68 55 136 225 250 238 181 184 122 83 65 61 92 134 151 154 213 221 255 255 255 255 67 52 124 120 64 56 75 157 183 118 174 243 253 253 191 114 122
96 130 148 142 141 128 56 33 79 94 69 70 75 74 83 123 158 117 67 72 66 69 73 78 99 126 157 101 98 194 116 136 123 128 112 114 138 94 76 83 93 128 177 190 174 157 150 109 55 44 96 138 146 170 205 252 242 255 255 255 255 59 127 159 109 64 64 111 205 193 219 231 251 254 242 185 160 103
72 110 147 134 145 116 36 29 79 108 100 82 70 77 75 86 124 145 89 75 74 80 65 66 109 154 104 72 205 122 135 124 102 117 109 95 99 115 118 116 100 114 131 139 139 145 148 95 47 52 114 144 154 198 234 255 255 255 255 247 166 58 176 132 69 60 125 222 243 218 233 238 255 255 181 127 127 128
123 114 140 134 128 135 51 27 80 113 126 92 75 74 74 81 104 132 118 63 81 78 78 56 108 160 48 92 137 118 128 110 98 106 110 100 110 136 120 90 90 96 98 109 103 110 114 72 57 63 101 155 159 182 217 254 255 255 255 160 32 118 158 93 57 59 190 255 250 141 114 163 254 242 178 116 104 162
75 68 104 128 146 160 104 54 101 109 119 110 109 76 74 71 92 103 114 105 83 74 52 84 137 107 38 98 111 145 118 105 89 86 104 125 120 100 86 79 78 77 81 91 88 102 112 93 77 61 78 135 220 225 217 251 255 255 255 116 50 156 111 70 76 111 221 252 176 27 21 81 247 255 243 166 146 131
52 51 58 94 145 131 137 139 137 129 133 142 157 95 68 66 75 83 106 116 101 105 96 143 153 73 41 87 141 154 114 104 96 65 75 100 99 82 80 81 77 71 77 90 85 92 106 92 77 69 68 105 221 255 255 255 255 255 251 62 94 168 94 66 78 167 251 247 104 34 36 105 255 255 236 202 231 154
53 54 54 105 154 103 119 122 144 137 127 146 159 120 87 80 90 97 84 114 132 152 184 151 126 64 56 106 145 161 126 165 207 109 68 71 92 90 116 136 116 108 100 95 83 101 104 91 80 79 79 61 168 255 255 255 234 224 126 50 113 136 76 54 72 152 207 223 57 30 56 246 255 251 198 173 168 157
85 68 72 137 144 129 120 107 143 146 131 136 151 131 107 96 102 104 103 105 117 151 166 135 117 46 76 129 148 154 139 165 214 171 164 113 114 136 126 133 123 106 108 117 111 108 109 82 101 92 78 78 116 244 255 255 199 152 62 63 99 99 46 60 91 130 155 131 41 38 198 255 255 232 172 145 91 152
126 124 137 149 147 91 103 157 146 147 143 134 143 141 127 97 91 100 101 110 115 124 132 131 151 55 107 143 154 134 147 146 142 153 164 131 134 128 116 112 111 89 87 103 115 122 136 125 130 106 87 88 110 104 181 193 248 175 43 79 103 70 54 100 139 149 140 61 44 148 252 254 212 189 170 115 97 134
137 146 156 157 171 149 158 163 144 139 144 138 129 140 133 124 114 113 117 114 101 105 125 133 168 70 92 114 131 119 125 134 128 129 125 115 100 98 114 120 120 114 105 94 89 111 131 112 120 113 94 86 105 86 71 95 109 74 53 111 97 41 93 172 163 130 88 44 73 245 255 248 211 146 144 128 140 108
70 91 130 171 146 145 166 167 158 143 134 129 134 149 146 151 135 113 106 108 111 114 130 144 169 74 129 118 103 106 131 151 146 140 131 121 118 99 105 108 118 124 123 108 107 109 107 113 108 83 70 69 63 62 39 70 53 40 85 108 53 37 165 178 114 80 44 44 105 255 250 233 242 167 114 150 174 122
77 104 71 115 127 157 171 163 158 148 148 150 157 153 110 97 82 93 100 105 103 97 118 165 181 94 199 214 132 111 106 123 138 110 121 141 141 135 134 115 110 112 118 123 117 100 103 168 162 107 66 65 72 129 112 49 39 67 107 86 46 57 245 217 104 48 48 51 182 255 195 156 188 221 158 128 149 176
106 171 140 107 165 167 172 189 181 169 159 159 103 87 56 51 55 64 84 84 68 99 130 181 179 96 179 197 161 109 107 117 116 93 116 140 145 147 153 150 134 119 114 116 120 84 119 196 196 178 121 81 126 162 161 109 78 94 108 59 42 39 93 102 63 36 40 76 219 248 147 133 210 229 138 114 145 122
160 176 203 164 177 152 163 253 208 149 139 134 59 56 59 73 62 65 56 66 67 127 137 200 145 99 138 129 139 149 142 130 131 129 119 134 142 143 138 149 162 145 141 138 101 66 96 187 198 202 187 136 177 242 236 174 132 136 100 42 34 32 32 35 50 44 46 141 251 206 135 96 138 141 93 116 179 98
231 165 203 181 99 60 95 222 210 136 111 157 112 68 63 73 74 82 61 66 84 139 165 179 113 125 108 111 101 105 150 142 122 131 123 115 120 136 154 157 154 134 115 106 57 43 73 131 194 211 214 171 177 202 154 182 142 128 65 33 40 32 39 39 42 35 76 232 255 172 189 115 101 91 97 166 178 157
254 187 170 146 83 50 47 139 185 182 207 217 150 78 81 108 128 142 68 68 104 146 222 140 103 123 109 109 76 59 119 111 99 105 108 109 116 126 145 154 152 160 141 83 40 46 71 107 167 184 197 153 101 108 105 131 139 109 37 43 37 32 32 34 37 75 182 255 255 160 225 140 114 97 115 207 103 143
