example_notebooks/meuse/landimg3.asc
ncols 78
nrows 104
XLLCORNER 178440
YLLCORNER 329600
cellsize 40.00
nodata_value -1
[rows 0 to 56 of 104, columns 0 to 77 of 78]
42 102 171 165 182 166 147 82 51 49 39 47 60 85 153 201 177 183 183 160 198 220 185 158 157 129 138 113 24 26 69 15 8 23 76 48 105 164 80 36 34 61 63 99 119 141 146 108 44 45 44 46 60 68 77 67 35 24 37 65 85 118 113 67 74 73 67 100 68 87 112 121 112 94 117 157 164 133
67 99 136 142 167 173 168 120 88 78 44 33 35 141 188 156 119 73 75 91 142 159 157 137 150 161 162 90 31 53 122 43 25 30 72 134 169 171 136 127 116 106 49 44 60 74 90 98 77 35 14 20 57 68 70 67 32 25 27 76 86 104 103 73 71 135 173 108 98 116 133 117 95 91 144 142 143 137
67 68 89 89 124 174 141 116 86 67 35 34 86 238 237 149 84 41 51 50 99 85 60 20 41 97 172 195 133 81 80 68 82 78 130 173 183 159 161 140 139 117 47 32 27 33 35 38 47 52 21 12 33 47 70 116 58 56 74 125 135 133 119 70 161 227 147 150 141 131 119 120 106 145 187 129 165 177
54 85 119 157 163 138 75 99 100 71 64 64 77 139 116 116 158 116 63 47 38 44 43 35 65 169 193 197 180 128 87 35 91 96 127 147 154 127 125 151 146 127 43 35 32 29 37 36 39 24 22 32 63 53 55 77 97 98 53 71 118 102 94 166 184 92 149 247 172 142 131 141 155 206 146 168 160 146
50 87 135 167 151 90 44 52 77 67 55 43 37 43 56 57 124 165 148 97 30 28 26 63 143 198 184 158 190 193 184 117 83 122 157 157 119 65 136 163 155 136 52 41 40 34 36 32 42 23 24 29 74 62 25 3 40 112 114 123 104 60 106 178 125 74 114 252 185 140 147 167 201 183 115 129 112 115
57 63 127 144 127 65 38 55 79 46 38 42 41 35 38 27 58 129 135 90 33 36 33 68 178 212 171 116 132 156 210 208 165 155 188 185 164 149 167 150 126 149 52 30 22 24 30 33 39 26 22 27 21 41 23 1 16 75 107 123 52 54 123 104 183 127 60 186 209 141 149 150 179 168 135 126 127 137
54 60 130 152 111 45 44 59 116 72 44 41 38 32 49 90 131 166 199 159 89 98 89 108 186 160 115 108 88 88 157 182 167 132 193 202 192 200 191 200 199 220 167 161 155 128 91 67 32 23 29 28 29 53 39 19 42 88 117 107 40 80 131 112 124 206 83 60 151 160 136 135 116 114 116 151 146 131
58 107 154 144 84 33 63 100 195 113 50 34 35 56 123 170 160 189 235 202 174 182 175 180 205 104 67 133 113 114 163 204 142 69 138 178 178 205 235 218 155 199 216 214 220 233 244 220 113 60 47 32 44 77 78 88 99 103 137 68 38 61 88 165 99 191 161 45 98 168 157 146 136 93 155 164 121 118
50 129 167 108 59 55 97 129 183 119 56 61 108 151 195 192 216 208 208 200 209 195 161 188 221 126 84 105 100 109 156 168 145 80 100 169 196 219 225 187 122 170 209 200 190 207 246 250 168 69 68 30 31 93 85 81 97 133 121 58 31 46 42 105 158 101 201 104 61 127 187 157 92 81 150 164 166 188
77 158 186 171 148 141 194 160 160 174 175 167 178 181 197 207 210 174 163 163 182 154 111 120 197 120 94 122 132 121 113 143 165 124 120 177 222 253 240 216 177 192 133 91 66 111 239 232 139 27 23 39 51 50 22 8 53 133 72 23 54 52 34 46 147 116 145 192 102 95 129 152 135 83 102 133 148 166
179 197 213 208 194 159 173 180 161 162 197 198 196 190 165 220 249 228 167 129 135 155 145 171 191 115 144 166 132 109 113 135 159 140 138 166 232 254 254 254 253 253 109 61 49 87 155 126 56 43 36 57 89 22 4 4 54 103 43 23 93 79 39 32 75 175 125 194 145 140 189 154 152 103 64 142 160 162
252 246 230 192 129 80 123 118 91 95 96 115 171 234 244 254 254 254 191 100 83 133 116 185 207 168 202 188 152 162 181 160 166 173 139 167 232 254 254 254 254 254 173 83 65 80 68 101 107 86 113 118 74 15 30 53 100 75 31 43 125 151 81 36 34 120 174 168 181 210 216 154 136 95 46 101 137 125
254 253 241 198 135 69 113 81 50 49 79 158 221 243 213 221 253 254 180 72 58 84 94 174 211 182 175 172 114 122 146 153 135 191 152 188 233 243 202 252 254 254 189 173 197 240 146 145 159 176 198 170 117 154 152 133 99 38 35 101 144 210 173 76 41 64 179 226 216 210 170 108 100 67 52 64 110 86
254 231 225 235 233 208 100 44 54 55 170 239 249 156 59 110 251 251 121 37 44 51 91 181 169 99 66 75 95 132 143 130 157 232 192 194 235 221 168 198 243 172 154 219 237 250 197 192 200 205 148 86 65 85 109 104 74 15 75 189 164 185 232 128 78 146 204 219 176 138 158 143 72 46 51 39 54 87
249 189 129 175 211 248 199 72 45 62 185 239 209 48 43 165 254 193 60 25 45 61 123 216 185 131 118 114 71 122 191 152 225 242 159 153 191 200 163 152 110 56 79 210 254 254 231 197 191 174 108 58 37 42 75 89 39 48 99 155 196 157 209 200 128 192 174 130 136 104 103 136 110 59 66 66 41 55
199 168 72 82 100 153 234 241 147 34 69 119 133 67 94 238 254 112 50 44 62 80 150 214 153 144 136 105 63 73 153 141 254 192 130 156 185 191 181 87 105 83 53 138 231 254 167 79 64 49 35 30 33 46 93 83 25 73 107 123 177 169 140 134 64 82 67 54 95 81 40 71 188 154 100 157 99 50
122 140 95 94 77 70 152 245 245 188 69 76 148 186 189 249 222 43 75 87 76 128 181 237 188 165 140 94 96 134 135 147 233 128 126 188 173 170 181 150 169 126 53 75 132 158 82 50 37 39 50 63 61 61 96 64 38 96 104 119 163 173 99 47 51 71 76 61 64 64 48 72 142 157 188 196 115 46
73 98 148 199 167 105 141 185 231 254 193 169 210 225 234 254 241 108 80 88 82 121 150 246 249 177 147 124 142 124 69 203 167 127 170 187 188 171 176 221 194 123 54 57 65 75 36 63 115 88 80 143 162 106 73 34 81 96 95 119 156 138 58 39 50 73 69 41 55 55 40 34 35 103 224 162 62 66
65 122 238 252 240 206 175 165 176 228 246 244 247 250 254 254 254 239 113 94 142 163 145 238 229 151 184 217 151 102 152 221 105 123 162 187 182 167 176 178 196 166 72 57 53 62 42 66 83 66 125 171 174 134 57 51 102 94 97 137 215 158 42 47 50 49 48 36 52 50 36 40 56 175 186 75 79 171
74 141 235 250 253 234 171 211 195 181 213 230 237 242 254 237 187 169 84 87 123 150 127 157 185 152 149 187 124 93 180 166 63 74 128 155 138 144 200 154 164 175 138 89 46 65 82 116 89 61 154 177 163 140 42 76 106 94 151 219 255 228 166 176 148 57 37 40 48 46 41 45 95 193 168 40 138 255
73 128 221 250 254 251 248 254 246 198 186 171 129 116 232 253 210 139 103 68 56 60 63 61 100 137 88 69 53 34 45 73 54 81 143 107 94 84 160 155 130 175 218 113 60 94 104 138 116 78 164 164 154 151 37 93 104 154 224 242 238 255 254 254 205 61 38 37 42 49 58 61 143 193 129 41 155 255
66 116 213 242 249 254 254 254 254 247 159 99 72 59 85 154 239 254 227 157 72 26 18 39 49 83 122 149 93 36 29 52 54 63 89 96 95 51 80 94 131 180 176 142 109 103 106 105 93 84 154 166 185 142 58 102 115 102 101 105 155 249 253 255 226 74 44 40 88 96 81 104 158 151 84 54 193 255
73 137 218 240 219 212 250 254 254 231 85 55 58 56 40 29 114 219 245 246 195 62 16 35 49 78 182 240 199 68 40 44 58 74 83 74 79 39 30 51 72 115 127 132 142 139 131 85 71 120 145 182 224 109 81 126 139 58 49 64 117 235 255 255 243 106 52 53 67 72 59 123 189 114 52 81 214 255
125 185 227 201 155 160 184 246 202 123 64 52 48 49 33 44 56 65 115 185 205 152 87 77 99 106 143 174 169 84 28 37 35 39 51 46 39 34 40 54 54 70 95 105 161 162 94 82 140 177 142 213 233 73 120 158 109 73 63 62 94 203 255 255 248 159 104 97 50 46 72 150 163 71 43 101 223 255
195 219 229 132 112 125 147 136 75 72 53 60 61 66 52 56 62 61 36 51 68 150 172 161 171 156 124 103 111 143 109 62 58 36 26 38 51 54 70 67 86 75 78 141 185 177 86 125 189 148 161 223 157 94 182 196 112 88 84 72 77 164 255 255 252 202 152 114 41 52 106 147 107 55 59 167 242 240
220 212 175 108 105 103 116 88 95 85 63 88 90 75 71 70 40 45 33 34 41 131 192 196 171 162 169 158 76 86 137 146 158 132 91 58 41 44 57 109 179 157 99 184 218 167 133 167 160 115 197 194 86 156 228 234 192 109 87 78 72 132 247 255 254 210 157 122 73 44 95 132 52 44 65 236 252 237
202 149 83 96 114 144 120 69 102 104 95 83 63 81 110 81 41 41 61 61 56 103 167 170 133 121 143 167 89 35 91 181 194 186 148 68 19 35 78 113 141 175 146 160 145 107 160 157 137 133 229 156 95 184 238 252 244 196 120 79 70 121 242 249 216 142 111 99 41 63 114 105 41 45 67 235 254 243
192 163 83 87 133 203 188 104 83 77 90 77 90 109 74 66 60 58 48 58 63 69 98 135 129 119 124 135 91 55 142 193 191 175 115 47 31 79 120 97 67 137 182 126 90 152 174 128 131 170 180 87 143 223 248 249 255 254 191 102 61 100 209 229 186 122 101 70 39 86 117 61 48 35 81 204 199 107
228 200 162 143 69 108 223 211 126 86 89 101 93 119 150 145 94 64 29 29 34 58 89 104 117 127 122 126 95 87 173 195 187 137 94 108 102 130 144 118 95 110 127 102 140 177 155 139 194 189 66 113 155 235 254 253 255 255 248 186 95 94 201 240 198 107 78 52 49 88 92 45 37 49 145 252 112 72
190 234 234 211 127 86 144 190 161 93 90 151 198 245 254 225 121 72 41 27 25 35 85 93 80 108 119 103 96 124 127 165 155 107 133 175 143 133 146 163 105 72 78 92 125 152 137 192 188 98 104 103 112 244 255 255 249 239 210 166 107 112 224 199 146 100 72 88 108 102 70 40 25 103 180 182 201 235
122 191 222 225 220 222 145 162 145 70 91 203 254 254 254 253 132 59 34 25 32 27 57 86 72 76 102 103 138 196 107 99 75 95 162 151 91 127 156 162 116 78 86 83 100 149 192 191 60 70 98 69 123 230 202 171 144 104 67 55 53 95 123 69 66 94 105 120 116 97 54 40 80 168 138 83 231 255
135 148 173 216 227 254 242 203 123 108 215 249 254 254 237 189 107 75 53 40 40 28 30 58 96 77 100 124 142 174 119 64 40 66 92 56 59 105 137 112 80 71 86 112 148 204 163 52 74 85 62 59 84 94 66 51 45 42 42 44 40 56 51 33 21 33 78 110 119 74 43 96 217 213 151 138 245 255
177 137 125 167 213 251 247 211 105 127 252 254 251 183 64 37 110 129 48 37 33 27 33 25 94 109 132 163 170 169 116 49 43 42 35 46 60 74 96 70 62 84 130 183 209 147 39 104 70 47 33 43 60 76 66 43 43 45 44 46 45 28 26 16 23 20 44 91 114 53 49 106 214 197 172 200 237 227
139 129 111 116 170 217 183 178 93 135 253 254 241 71 38 34 53 72 35 35 41 29 41 30 45 104 151 166 179 175 138 103 66 47 38 48 88 81 90 101 134 184 214 171 91 61 111 72 49 60 38 44 54 67 84 56 48 59 51 46 30 19 15 23 23 33 66 111 79 37 49 112 197 202 213 230 224 201
127 129 118 110 141 179 165 145 68 100 221 220 124 29 45 34 41 37 39 37 33 34 37 38 35 63 119 142 165 141 80 139 134 113 116 134 144 111 133 124 117 106 79 35 66 92 81 36 56 63 42 54 54 59 88 72 64 68 40 23 18 15 12 33 29 56 96 106 50 36 67 156 223 234 240 224 201 184
133 124 118 119 121 126 161 125 70 70 93 126 75 72 54 42 42 41 31 25 32 37 37 37 35 33 61 109 140 100 64 144 149 150 153 174 106 47 30 20 19 28 44 59 70 73 46 37 63 58 44 53 55 71 96 88 64 59 49 30 21 4 13 29 49 117 122 63 39 42 101 113 99 197 242 200 149 168
148 141 126 123 115 113 146 115 65 63 67 86 114 127 77 37 38 34 26 29 34 33 37 32 34 34 41 66 90 112 113 104 100 104 89 91 62 20 19 41 48 43 44 60 66 44 37 43 98 102 53 60 88 101 85 71 127 150 96 64 15 6 20 24 82 142 99 44 34 70 117 66 99 225 247 185 92 89
170 151 124 110 109 131 138 60 49 62 68 63 81 116 106 48 37 32 29 31 32 33 33 33 31 45 35 35 85 156 108 82 143 231 150 112 100 57 87 73 55 48 52 84 71 45 66 77 99 108 82 77 81 58 59 117 179 189 141 124 38 9 14 46 123 126 64 40 43 102 86 59 175 246 255 255 134 80
145 151 141 119 119 127 85 33 42 54 46 43 44 70 135 94 45 29 30 26 26 39 46 41 39 38 56 93 151 113 140 223 198 139 96 89 125 91 103 77 38 72 176 224 225 227 232 127 80 85 79 42 55 84 115 139 159 234 233 225 139 24 23 81 127 84 41 40 90 156 67 116 246 255 255 255 116 132
112 125 129 114 113 104 60 27 37 44 44 50 54 54 96 137 92 36 29 32 39 32 41 46 41 59 111 154 99 128 218 151 70 85 95 95 154 101 79 63 35 115 255 255 247 226 211 111 71 60 49 73 112 140 151 209 226 255 255 255 255 61 45 121 129 60 42 64 173 204 138 187 250 255 255 210 111 123
81 111 123 118 123 109 60 22 29 38 43 48 44 48 53 105 122 64 32 37 42 34 41 55 77 115 139 92 92 194 108 125 119 123 103 78 129 104 47 69 77 112 193 230 197 162 152 91 33 33 67 112 126 165 210 236 248 255 255 255 255 62 129 166 111 42 56 115 230 214 233 249 253 255 246 195 161 90
57 88 114 118 110 96 45 28 42 48 51 53 45 46 50 76 109 113 48 34 35 42 37 42 92 135 93 74 193 110 139 125 90 108 100 69 89 108 103 93 76 80 116 139 151 141 136 70 30 35 77 120 140 182 223 255 255 255 255 253 190 60 184 131 66 32 110 222 255 233 246 251 255 255 200 132 128 121
69 86 102 102 112 137 43 19 50 55 51 58 49 48 43 52 87 122 95 32 42 35 40 29 89 135 41 88 121 94 128 102 85 85 95 90 103 129 95 65 54 70 88 84 85 97 103 54 44 45 67 125 151 162 206 254 255 255 255 172 33 120 171 88 43 63 190 255 251 149 123 181 255 252 201 138 98 151
49 63 83 106 131 149 64 38 55 49 42 57 65 46 50 58 77 83 104 74 47 41 32 60 119 88 32 80 92 142 103 89 71 67 90 120 108 68 46 43 43 48 55 67 55 70 78 51 56 48 62 124 210 222 227 252 255 255 255 123 49 161 116 59 53 110 231 253 186 45 37 102 255 255 247 189 143 124
41 48 60 100 147 127 125 122 101 60 39 58 66 60 43 51 55 51 78 95 71 87 78 117 119 67 30 73 125 166 97 92 85 59 52 84 64 39 39 42 43 39 53 61 53 64 84 49 49 54 48 93 229 255 255 255 255 255 255 53 81 179 95 55 57 182 255 246 98 42 51 134 255 255 241 206 228 143
40 43 47 111 155 110 107 111 104 73 42 56 55 60 46 43 48 47 44 77 111 148 170 125 99 67 47 92 137 168 148 195 230 105 53 55 61 65 101 111 91 92 84 61 50 77 81 41 37 48 46 45 159 255 255 255 249 248 144 46 97 146 54 47 67 171 232 213 48 37 62 248 255 255 222 186 169 161
73 58 64 129 145 140 120 98 106 94 55 50 54 57 51 38 38 46 39 54 91 116 133 107 105 51 76 138 157 163 149 176 222 174 142 82 76 81 98 134 106 89 98 95 81 100 86 48 67 60 54 53 92 245 255 255 190 131 51 49 81 89 42 52 94 140 155 114 32 42 198 255 255 248 201 141 92 156
92 100 127 143 142 98 103 133 107 89 66 49 50 55 58 49 40 40 58 67 69 64 96 102 139 63 101 157 164 149 153 145 136 152 144 87 63 53 49 57 86 76 68 74 91 106 115 114 101 76 55 58 84 108 198 188 238 169 27 64 81 54 37 89 144 150 143 57 32 156 252 255 242 210 195 86 104 135
112 119 142 155 167 137 144 130 108 95 75 53 50 52 58 61 66 75 65 55 50 68 92 109 155 64 75 95 133 133 134 134 122 124 107 83 70 53 48 50 49 55 65 61 72 90 105 101 97 75 63 48 94 81 68 95 101 67 36 83 79 30 73 169 165 131 75 33 73 248 255 255 240 164 161 125 154 83
58 84 125 178 150 127 150 141 116 98 96 48 53 64 85 77 84 75 40 44 51 73 98 123 160 65 144 120 78 93 136 155 142 150 142 133 107 83 65 57 54 52 53 51 45 74 92 95 79 53 47 43 57 52 27 69 51 27 64 90 44 28 175 192 110 75 29 35 106 255 252 248 250 160 118 157 190 125
66 99 68 103 114 130 141 152 128 114 121 91 76 81 68 47 47 43 42 47 48 75 106 145 170 92 234 243 143 87 97 125 140 108 117 148 165 156 104 68 58 52 50 53 49 55 92 179 178 105 50 38 69 127 99 47 34 42 88 79 32 56 252 221 99 46 23 39 193 255 198 160 175 217 161 118 161 185
99 156 130 95 148 152 162 191 165 127 120 109 53 43 44 40 42 41 50 48 45 84 103 161 167 85 184 237 181 90 83 105 100 78 107 148 166 151 148 137 82 88 86 71 95 59 120 215 223 200 127 61 114 151 152 112 78 78 106 53 25 32 77 98 51 26 31 74 236 244 141 142 208 234 137 115 139 117
178 154 190 156 165 148 166 254 209 105 57 81 58 42 40 38 42 43 43 49 53 107 102 176 139 91 133 136 150 165 136 89 81 94 85 116 172 172 138 141 156 130 128 134 104 52 99 208 224 229 209 116 190 249 248 183 139 152 98 23 21 20 18 22 26 22 37 141 255 211 135 106 148 159 80 116 180 94
248 160 192 160 93 63 106 250 221 114 68 152 107 42 35 42 45 48 45 42 55 103 146 171 108 111 83 68 66 102 162 117 65 72 78 81 109 145 168 164 148 115 74 85 54 34 56 141 210 231 245 188 187 202 148 175 155 149 62 23 20 22 21 20 23 22 77 236 255 182 195 114 114 104 86 174 186 150
254 200 170 110 72 46 54 162 211 206 237 245 144 63 46 59 64 71 59 43 90 122 209 141 91 90 73 67 44 42 100 92 59 51 68 82 95 102 138 153 144 160 126 50 31 35 42 86 170 205 220 170 72 86 79 141 157 100 26 28 23 24 22 16 25 70 191 255 255 181 225 139 134 97 107 207 95 129
254 236 182 80 75 120 183 236 252 241 193 113 75 77 79 85 76 64 47 64 130 173 210 94 66 57 76 63 47 67 82 61 48 57 63 64 78 96 111 112 103 104 97 43 32 71 76 65 97 120 148 110 51 67 102 167 136 54 27 18 26 14 35 63 155 241 254 255 255 210 201 122 117 110 137 198 110 154
254 254 238 105 60 148 212 200 112 77 38 32 52 71 63 56 53 45 50 101 162 208 135 110 114 73 37 36 52 89 66 43 40 42 59 68 71 68 88 79 53 62 95 76 44 80 102 95 86 111 111 86 70 80 129 163 78 28 34 47 96 169 217 251 255 218 185 183 124 128 147 119 136 151 182 199 151 87
