pykrige/test/test3_answer.asc
NCOLS 198 
NROWS 99 
XLLCORNER 1067266.69494727 
YLLCORNER 241459.635285088 
CELLSIZE 25 
NODATA_value -9999 
[rows 0 to 19 of 99, columns 138 to 183 of 198]
73.00166790648 73.5521404088829 74.2209209454516 74.3043842139963 74.0313813843593 73.8937175973588 73.899745951902 74.123974668938 74.2676342271598 74.8204152467933 74.9717622515181 74.7245466750662 74.087668667356 73.4435082609705 73.1752065970675 73.0747555538499 73.3380732017903 74.1519789398362 74.3729700065514 73.9162516808918 73.2618414756427 72.7633542046246 72.3777946653863 72.0568894388796 71.9656094757454 72.1992977023747 72.2819301053254 72.3964622178983 73.3544213299107 74.2409866942542 74.1927172485468 74.14879400529 74.1561601394041 74.6862551780294 75.3208026218144 75.6305570683391 75.8042484073558 76.6646132461992 76.7937681796085 76.785025225065 76.7908974761467 77.08481454219 77.4492727505926 77.3636451097926 77.4805339671115 77.6782841667734
72.5350086069661 73.058534326337 73.270954029327 73.2645086116832 73.6103874648373 73.8079246085581 73.7281600090637 73.7536675707551 73.8449398345282 74.0791565500901 74.4720247192659 74.3346288358744 73.9470662239353 73.4370235424613 73.0484550119974 72.9427520960069 72.7167312535531 73.6027023426475 73.4100119202347 72.8722882630006 72.6583272611249 72.4175986796443 72.2729178144609 71.912601297937 71.6173508694522 72.6079587505879 73.3792645818717 73.1343299513766 73.9314180659717 74.695212480672 74.6779844037685 74.7244662284899 75.1017243817817 75.3051531052035 75.6403848400294 76.2091512290199 76.2603539422432 76.6948465855521 76.7976447535393 76.7979054951822 76.8661562199085 77.031542318434 77.2811920537651 77.1950070322 77.4360828670312 77.67830291237
72.0807478719867 72.6493745137925 73.1033446054468 73.3152206699331 73.6089795331983 73.9003698188868 73.8149493961206 73.7870401399821 73.8354453038786 74.0483328007106 74.3318149113005 74.2335922988567 73.9442003049855 73.4786525426323 73.0731096248746 72.9579734097552 72.7221086188209 73.3103988187245 73.2152165265404 72.9592891895257 72.8128475242211 72.606604475081 72.4534294319486 72.2220815231356 72.1143975953241 72.9491779844759 73.8162236852246 73.7186218400204 74.1476901252103 74.683900146247 74.8152138471467 74.8787641375558 75.2722243594164 75.5246279427001 75.9059808954727 76.3934229525219 76.4123100355305 76.7282978281657 76.8243673591799 76.8748537872689 76.9822771255526 77.1880654954514 77.5165315186059 77.4380963771743 77.7181043359319 77.981251821193
70.9209959744274 71.5102209250094 71.9701742621128 72.1176594224611 72.4624461480364 72.9725710170147 73.1675564208378 73.2785899782931 73.2871164191597 73.4673341655886 73.7232116755546 73.5477699000769 73.3827618932334 73.0675723307114 72.757266820785 72.6448729445241 72.4397610584344 72.3198838446174 72.3488167611642 72.572704257033 72.6765810706482 72.682699750296 72.6010389113662 72.8504816824248 73.0983072509987 73.335201598835 74.1282476730552 74.3245233837687 74.3212153543219 74.4039453036714 74.6930404360119 74.9375410158238 75.3608303486777 75.7737304242916 76.3114213741472 76.6311454451444 76.5930064997893 76.6908595662487 76.758209561849 76.8647924273674 77.0069058050803 77.469555982115 77.9950018641512 77.9298169955031 78.2447694628009 78.48765402809
70.6725210131297 71.2457344023906 71.3768854417073 71.170749258964 71.7042284034439 72.3578905970345 72.986033534214 73.1806486455849 73.1663963498322 73.3092810934253 73.6773263141515 73.3428552165794 73.1313692191007 72.8829991965733 72.6840435403201 72.5828690996563 72.4188710878476 72.0626216916356 72.060063667023 72.3164769908648 72.5606614384878 72.721548015096 72.7234348740826 73.2452229359206 73.5516977655516 73.4442625098922 74.0170877552394 74.2743578760329 74.4187940370594 74.4106862750054 74.6254479427918 75.0223846946787 75.4510874220116 75.9468066466318 76.5667217764565 76.8478749192656 76.8037454549807 76.8729169367788 76.9242168318737 77.0095537836006 77.1264614394452 77.7800160874336 78.3778615755369 78.3148598816786 78.6047907281668 78.7962697221445
69.0521544824247 69.630271356147 69.9626643668648 70.4750668289585 71.2247098755217 71.9919606844967 72.6344794296018 73.0451204211041 73.0931350148445 73.1514954350923 73.0790350536177 72.7734258945991 72.4406310015771 72.1870444674554 72.3241595115336 72.4142981023478 72.2250647829194 71.9333072087865 71.8351453481191 71.88167241683 72.2420157792301 72.5573655823519 72.591910191647 72.8742810330395 73.1207888578355 73.1943187675875 73.4828499072858 73.8989403507204 74.168910544764 74.2776418266685 74.8792417417124 75.556667956961 76.1436823634891 76.5815166449401 76.7087564056127 76.9098111603537 76.9196475990909 77.1665757966942 77.1270737332604 77.1012483970125 77.1265314306638 77.7764214724656 78.0812646589139 77.9661003047611 77.7862710034355 78.8843736121179
68.0674605687754 68.6761781300727 69.3549605434075 70.2096165554269 70.9874979457558 71.7222741351191 72.339128702638 72.757321853174 72.8704028769532 72.6770708141661 72.1596501183944 71.5606678289429 71.420094300266 71.4144146198165 71.6364692086476 71.7197579463199 71.8594260530089 71.7768125044909 71.6167837656867 71.7241737755554 71.6984558363929 71.8224179239032 71.9322582483617 72.1337855905066 72.4075884824274 72.9688332816558 73.8365542125053 74.4932982007228 74.6043732702705 74.6174943542337 74.8539662802455 75.834238974931 76.695654717648 76.9475000907419 77.0292251585518 77.3369964045368 77.3133871651945 77.4397852674106 77.3983300539826 77.2935214061094 77.2409097748806 77.295060831558 77.8768360224009 77.8389292728007 78.4769720907002 78.8714952225311
67.9515393846188 68.5542617086759 69.2630484020912 70.1088514987389 70.8471012553635 71.5376438576747 72.1341845263786 72.5706746752932 72.7352560245447 72.5469955954918 72.0150103767196 71.3898789160054 71.3084800854169 71.3605626657691 71.5898030019949 71.6713668486924 71.8771863544417 71.8340039253441 71.6763471168208 71.8128232753393 71.720887200253 71.8086257758941 71.9339833357578 72.140572823045 72.4266541518207 73.063102930345 74.0489040026329 74.7401149095007 74.8201588459975 74.8132511182938 74.9680637428612 75.9853572658334 76.8861365625429 77.1125470405427 77.2182562270179 77.5509369231793 77.5202904385423 77.6172916586943 77.5829020046009 77.4732762110801 77.4147464046796 77.3704081090885 78.0177768260457 77.9973747632555 78.8024042238169 79.0255956968302
68.1926117658664 68.7740374202365 69.3330672869671 69.6888240683159 69.8219201133954 70.1099356167661 70.3029352664649 70.6112767718097 70.8070459916434 70.804628255711 70.6929974904043 70.548887224622 70.5039475056067 70.6910648589937 70.8790855569927 70.9170315512264 71.5432531072903 71.6229289167424 71.4546338158252 71.5423181697162 71.6863599968318 71.7891196051843 71.8388548473897 71.9028897065641 73.0314193315515 74.0125613723592 74.593263089498 74.889885948274 74.9720777669575 74.9502547407053 75.0593162719341 75.8129394634037 76.6988636313785 77.0936040844914 77.4919577803724 77.8750989791844 77.8298835836552 77.9005113318956 77.9648535949767 78.1353376073073 78.0418121588884 77.6864766172476 77.8388023017821 77.7908397532602 78.6907764057465 78.3248286379858
68.0202094911705 68.5104459433752 68.3967881394911 68.3807879447566 68.6184829920623 68.8666053865461 69.0667834751724 69.3003478118302 69.4973018132352 69.7359804136409 69.8898522023508 70.1364526794251 70.0954417496153 70.324240238968 70.6537396119696 70.825689263775 70.9099624655113 71.5077943906006 71.4362015833342 71.3660779816119 71.7256624929682 71.8745923026125 71.939691060775 71.8963568461107 71.8907258740939 72.728968108851 74.4419631038516 74.627236005378 74.5312203299253 74.6698901255398 74.9822053002753 75.4249756304268 76.4925134715444 77.0252280141754 77.49871334655 77.9350263088777 77.9197231385433 78.1788848991104 78.4557643998393 78.4447227595958 78.34488827728 78.0848354283085 77.791431240575 77.667560740473 77.6731528121894 77.6853637401013
67.1576368341547 67.678521107066 67.9052337820349 68.0636758440157 68.306435276755 68.5341298333273 68.781103998974 69.0392916015536 69.2576979235197 69.5055327500072 69.6395466695506 69.8826583040039 69.9568152505931 70.2294335575913 70.3863871861033 70.6871367167458 70.9024646313455 71.5017472763231 71.4540697497726 71.3919668141379 71.7480565715156 71.9631292847714 72.0465022079003 72.0477134815629 72.0058591897563 72.5617828208399 74.0647778461587 74.6547927260805 74.7639845906371 74.8762542466066 75.1236725197519 75.4389281285375 76.573527613716 77.0181421539238 77.5028725268846 77.8266904186594 77.8323230680711 78.165728924466 78.5231251358689 78.5959729205892 78.5037143839578 78.2905104315978 78.0300064521488 77.9068576783971 77.83827006196 77.7953965419232
66.0440795515336 66.5737672035777 67.0321174734744 67.5744334783342 67.8460124487502 67.8833447695499 68.0551464639603 68.3237453130229 68.5606723107844 68.8007835081498 68.9441102739178 69.1826714873815 69.5603583706277 69.9337038636358 70.089578471512 70.3513658907855 70.6499351996621 71.1609240507979 71.3930035248233 71.3438095260165 71.6529088389813 72.0369200609703 72.1378459221299 72.2397055696828 72.1729345939532 72.1392922851664 72.7058934648829 74.0554032265397 74.840909978477 74.8183598462676 74.8401313444107 74.9952545077848 75.856152629931 76.5238578502838 77.0226972795672 77.2559096663431 77.3026131803057 77.7570667549972 78.1892071513761 78.565552799331 78.6321220944379 78.5467928967245 78.3629786175873 78.2430498276322 78.0876869930718 77.894171937021
65.7684692100072 66.286685021026 66.7058652685573 67.1773727139778 67.4109989438539 67.4035526401986 67.47439809121 67.7189615433271 67.9699466863899 68.2351096381946 68.5058119918775 68.8088433929352 69.3204818274124 69.7539700253491 69.8536304148616 70.1174687824624 70.4111878711302 70.8376040436656 71.3887140382292 71.3599935699006 71.6418464138745 72.0862620006387 72.1805759883468 72.3102397828939 72.3241851626278 72.3047242051921 72.2545443438313 73.5111418165686 74.6242158007045 74.5127760057843 74.4315841692665 74.7313167684591 75.0789345228416 76.2712706206433 76.7674361856684 77.1914518398753 77.2430391905694 77.6623868254972 77.9841513156953 78.5300972066841 78.7840583707519 78.7428508033766 78.5747395445091 78.461999519993 78.397147055824 78.1624837526515
65.2485429747226 65.7486899475144 66.0607674605164 66.4054197329635 66.6163877597103 66.9039124924154 67.209768233677 67.4834661042661 67.7012889599958 68.0100743340337 68.3810957927312 68.6295156668353 69.2205472096812 69.6996581312008 69.7458979703146 70.0296313786009 70.6465015819009 71.1772531634128 71.4492243067507 71.3687134403883 71.5232317880745 71.9291978071728 72.0498478201272 72.2281315570497 72.3531247596431 72.5538263527157 72.4292451787122 72.8295990480675 73.5315679210533 73.7688756682622 74.4274581567994 74.7935276053003 74.9380202762399 75.7406038942993 76.3778215384449 77.0660700038836 77.135534574685 77.5749523096531 77.9112403789972 78.6430942835979 78.9377533478116 78.8866531129911 78.7530503536737 78.6497691963967 78.68223683401 78.4961664875981
64.9813924782543 65.4714425630119 65.7418965297258 66.0487969084112 66.2616328566932 66.6324037017376 67.0109950593188 67.3027538178947 67.5099165492527 67.8439862974205 68.2537875513171 68.5269203482304 68.9363608013801 69.3076251982985 69.4439871706132 69.7020931671945 70.8158403801825 71.4859907729851 71.4648141516997 71.3590648776701 71.4316504165959 71.5976036742692 71.7303741781852 72.0177232799383 72.4421644519506 72.7358931320846 72.7401543259786 72.5081923364912 72.5895497685184 72.9504787715083 73.8328367756348 74.4131704065305 74.7211469587621 75.0133129818983 75.3011430131523 75.9785415958552 76.1822489509023 77.1787550571522 77.6467766078456 78.2788326355614 78.7648728500557 78.925959244611 79.058755020094 78.9809705607314 79.0912235993908 78.8620016285172
64.2796357987349 64.7575275231173 64.9708488488503 65.2998453969726 65.6691174516562 66.2465867598073 66.67091499697 66.9659214234734 67.2817143213401 67.7043335672661 68.1564932302053 68.4560547018188 68.8214980155721 69.1711996947307 69.3497555226529 69.6102398374528 70.8245863664557 71.5288183534335 71.4762415679673 71.3801375741908 71.456554697533 71.5733296750978 71.7143411815536 72.0320989577826 72.5285484977512 72.8261705766705 72.8804034877116 72.5971805350638 72.5740486394998 72.9294349379557 73.7830042364882 74.4164793432412 74.797929108876 75.0103871634735 75.1936542978982 75.839369418159 76.080118615602 77.2238420099209 77.7284909540975 78.314909770414 78.848983602298 79.069670880874 79.2704702368324 79.2005841481737 79.3211781220738 79.0765795489055
63.0175235717765 63.5230511512194 64.0632960474756 64.6700929689536 65.1768692443947 65.8298885407759 66.4084092336468 66.7924941324293 67.1869660866423 67.6551332023665 68.0705180228816 68.4687465657036 68.7857208587006 69.0564644959986 69.2484617516056 69.4763796230378 70.2647563539371 71.4543631169075 71.4826484338793 71.391275701861 71.3642365034275 71.3378837672277 71.4092998819945 71.2913584801416 71.5186278076696 72.2772130272834 72.8134473246289 72.9068153884323 72.7157244555525 72.7946731466319 73.4505717365256 74.4334554695789 74.8493192782194 75.1405399220956 75.4698657074008 75.5843774710164 75.6293766572074 76.5087357803119 77.7030952230617 77.7141810993853 78.8478716370241 80.0271150789556 80.0040470261088 79.8914019873729 79.6403996732312 79.4163539362564
62.9958260994008 63.3708511877195 63.9651757165541 64.5504752231328 65.0614353484107 65.7046064573004 66.2948110695716 66.6871956082448 67.0831811482964 67.5664409089198 67.9960904955421 68.3960760143702 68.723638799818 69.0097238450657 69.2139540775692 69.3926770332426 69.5686047975206 70.9735345271958 71.5160560256574 71.4714790341089 71.3931869878399 71.4123130547756 71.5370337017407 71.4687826658014 71.2906428315039 71.6381877322074 72.8124117290319 73.0765064141475 73.0398584261685 72.971445158815 73.214963258749 73.7236925993336 74.6929269347837 75.0301597612892 75.1887800977363 75.1767350431209 75.1993123547377 75.8953627351528 77.0818751943372 78.2727739974334 79.430008831564 80.280633974949 80.513507093099 80.4270915634344 80.2277479086024 79.9010793608769
63.3849697517813 63.798762179584 64.3740806832894 64.5856513821083 64.9786729471434 65.5729330860814 66.2657823646153 66.6763797644836 67.0169307722674 67.5391238711295 67.983484183664 68.3367681780715 68.6334680041863 68.9234601016254 69.1347664099371 69.3324616021688 69.5317784433924 70.847950708046 71.5009777650336 71.5003328295717 71.4398900548686 71.456240883556 71.5619067655205 71.5522068700635 71.4034816959423 71.6934614814982 72.8280946810401 73.1248903802865 73.1617272140589 73.0957477944314 73.2521340547497 73.8378653394254 74.7608977272326 75.1052314448521 75.2655433733622 75.3448269089407 75.4126370827623 76.1818824410747 77.2343673034047 78.4369074296224 79.5295719417456 80.4132359068661 80.6920586476739 80.6141368794022 80.4872951088835 80.1462688286748
65.1729973971573 65.5594148109258 65.1557562017347 64.680213943664 64.7028994669806 65.3865213318379 66.2630230407 66.7021960284828 67.0014498684365 67.5409942148831 67.9637904996411 68.3436369211605 68.5698194123525 68.7859679529414 68.969384751007 69.2008345835913 69.4465315200001 70.2343527658092 71.345505439797 71.5488446191049 71.4933064702447 71.4840033163938 71.5161405201984 71.6707570549498 71.5573577484703 71.6397188274466 72.3422460216968 72.9971377714269 73.2704278854057 73.2472236248239 73.1821831625291 73.7948091833411 74.6405284467205 75.1538073527079 75.2813257299452 75.5039710731253 75.7055958939074 76.7331666976264 77.4079544112683 78.2992292654422 79.2636169076658 80.3821523744105 80.7069816157449 80.6486404393274 80.8972939990269 80.5609983392663
