pykrige/test/test3_answer.asc
NCOLS 198 
NROWS 99 
XLLCORNER 1067266.69494727 
YLLCORNER 241459.635285088 
CELLSIZE 25 
NODATA_value -9999 
[rows 40 to 59 of 99, columns 46 to 91 of 198]
4.23285845769372 1.97303581569302 0.660296781349352 0.188014443230038 1.19763021866976 2.35669980177428 3.15775150185611 3.48211295611583 3.88070150558916 4.64744656068648 4.75574975882019 5.04529587548425 5.34772343838551 5.57709420162661 5.79843216918385 6.19413995442242 6.50919466632292 6.92670335659005 7.36938118491709 7.89839979021833 8.41120564196027 8.78524692053429 9.45410802805842 10.074187033603 10.3126263760352 10.6290910668589 10.9317024413739 11.3405086315747 11.795920269961 12.4424572210494 13.3152893883931 14.1647161578893 15.111017192534 16.3436454303898 17.6114876732745 18.1788444238824 18.8460897495926 19.6326060367119 20.4315955091836 21.4244475348191 23.383526047638 25.2181986765805 26.0585730356069 26.8602044390984 27.7876110546737 28.6159488961038
6.20326532944365 3.44256615888388 1.58360277470909 1.01256935887242 0.733271215117817 0.717383554473926 1.12317716706922 1.44532793872214 1.85297006247639 2.56169410019277 4.12412153483943 4.70358271752448 4.97833595307333 5.20008883386034 5.43662496671583 5.87898299118005 6.21592805788812 6.65819413760021 7.10842490165416 7.64336222325272 8.16272364775285 8.55841210934523 9.31390230054031 9.99873937458503 10.2300889220594 10.5670205281 10.8636958342569 11.2440974678467 11.6768413776753 12.3779997600122 13.3005935317852 14.1751886342305 15.1342982153093 16.4291737385963 17.7719561051644 18.2948242177792 18.9630627639074 19.7298922823701 20.5126235701995 21.5003734525424 23.4217134561669 25.288872831283 26.1385881805527 26.9266264243521 27.7931218010213 28.6032913937081
8.46221373896526 5.98917604647475 4.10811221234137 2.88317403995107 1.81431219239583 1.14173251917973 1.70441924397023 2.05110569113173 2.53075984615575 2.77742594234492 2.53445329546243 2.90948177585261 4.37091945693019 4.95338191758038 5.16902293525485 5.52098507291608 5.87684277961181 6.23962455116828 6.6187145149003 7.10403312941854 7.52506233227983 7.87326011004613 8.40300580472825 9.08844340933491 9.74736413558325 10.3876499589937 10.8857959809947 11.2020943888897 11.6029571960191 12.2959714053802 13.0339334310535 13.7230909868761 14.7778429960281 16.074079900798 17.1575406950467 18.0163596574218 18.7302124869221 19.4882896794049 20.1959863707593 21.2885929156873 22.9246289337099 24.7688027956735 25.5537508840281 26.6289013211517 27.7616831668753 28.6696576726319
8.49430720998957 6.03860802413723 4.14125805819231 2.99116503286252 2.08727644238399 1.44270930068978 1.76592542506504 2.09073655914491 2.38705759329694 2.58752510684096 2.42845907315476 2.81501125042332 3.96308643831249 4.58585789012408 4.56016680267155 5.60952703147088 5.98308285407742 6.23972709564981 6.435307838595 6.88507989180843 7.25091862684565 7.59587851825514 7.99700559035782 8.59383041880847 9.33028338173208 10.0847257490703 10.6671345246464 11.1840667113762 11.6864262813934 12.384320573196 13.1580787607358 13.7908719822732 14.472189033743 15.7666276946887 16.9160997894621 17.8006488460635 18.5645479062817 19.3289026878382 20.1402728040639 21.3637690366644 22.8452754648006 24.1897804639268 24.9741370193074 25.956454436131 26.9077552803845 27.8207499863876
10.0660261398283 7.61716802211269 5.88228220365207 5.0563218490291 4.89356607394947 4.4638447116144 3.72351288716068 3.93158177462892 3.28101125761933 2.99283354462894 3.12177366110953 3.46745548156807 3.28983894389346 3.62008966313606 3.99792643670981 4.96833113901656 5.92731208039672 6.03917366380686 6.32451385905234 6.78023507489367 7.06885319584992 7.39787735255079 7.96436754727089 8.55916919632111 9.20041781672129 9.89958365356016 10.5195731757588 11.1523774143072 11.7310216455122 12.4803557234147 13.2866849660222 13.8805523570679 14.55722787556 15.9385511283756 16.9958735076998 17.8415632048692 18.6152199749582 19.4133992115672 20.2777445793841 21.4455002260746 22.8027123799366 24.0738584600067 24.868809092476 25.8905562750651 26.9038121255859 27.8891618837991
10.8008719920929 8.20635770055462 7.01049510278013 6.19745430661421 6.11474903395709 5.91874233761963 5.13795464354622 5.3300427417597 4.36929167263714 3.47635693854636 3.50096028922452 3.71680210069526 3.69018897564003 3.05895961025259 3.09458494586958 3.75946583956159 6.03170260903875 5.91614130559508 6.79846675388292 7.2991189764354 7.49489525739575 7.78280627528397 8.31823196433626 8.559465062454 8.69736907823555 9.33586836526917 10.0971105222049 10.8421210900794 11.5096799126064 12.3407524643031 13.2118260453869 13.8594634757029 14.7214893415638 16.0902853631317 16.9888353281929 17.6740026907637 18.3909678138084 19.2017332235181 20.1515751174314 21.1650393989199 22.2481533210492 23.3005244278309 24.1140886829319 25.2321348831828 26.3475843035105 27.3905334313104
11.7146151962447 9.53687586113779 8.29246813354673 7.26242952034985 7.45472390364818 7.43822857817321 6.73588941805448 6.93019554493096 5.90998760681806 4.65882112649232 4.20935446344806 4.4716974383706 4.73864028179168 4.82437630418478 5.06289921566393 4.73471501421469 6.42154444586133 6.68248262436317 7.44019475121301 8.03184041250775 8.39224244159037 8.72702389704768 8.75987375925079 8.57991056622862 8.38236973784002 9.1663698767132 10.0596349937658 10.6556379056355 11.2645704404645 12.1019996822927 13.0120312223742 13.9032528796476 15.0787925436119 16.2017647776792 17.2090205336503 17.8312699895329 18.4729168227367 19.2254114413459 20.1545789642203 21.155810251596 22.2744504634273 23.2776821325084 24.1039724983257 25.250090016622 26.3306162268389 27.2445513236884
13.6359390041267 12.3649680718712 10.8419115838843 9.90634427534434 11.0515277594063 11.5284939343606 10.377460999724 10.5397446937794 9.49862050647087 7.78510549387859 6.7908890446197 7.19315088558157 7.4601283610841 7.23175623538822 7.40470636777954 6.97085467504003 7.47345133417446 7.88658034111813 8.23767238010704 8.43695990864379 9.30397722811794 10.1946986491731 10.5766114013554 10.3207619559708 10.1462891661169 10.0045510981924 10.0999039210181 10.4579761890833 11.3899765309035 12.0363583611817 12.7941392948324 13.7688722157803 14.8979866096904 16.0889238414806 17.0166923891993 17.7139158966118 18.490639137372 19.3180071092553 20.264210963405 21.160997902591 22.1020079510925 22.6009046351192 23.459620345726 24.816009079832 25.9759194857357 26.767918692617
14.1821715249799 13.1895135074645 11.5337206353465 10.7373492082956 12.2522592771242 12.9022418079709 11.4771697180034 11.618582229762 10.5909153802851 8.79428300936379 7.72649519948438 8.18168624467278 8.31878637678263 7.60770218753226 7.65898772381269 7.61850220708457 7.76892650551294 8.17671064604439 8.63431478535633 8.63272624328147 9.7705204968816 12.1213830474089 12.9582877698374 12.2720070989999 11.8723886248505 11.7288221341843 11.4471716562121 11.3425385286206 11.705538351866 12.1331603584514 12.7639316421495 13.5207568550416 14.3980676099658 15.4848241383672 16.4787974447942 17.2971276537645 18.3397643498969 19.3081915179172 20.3022821105803 21.1346158895484 22.0329618384704 22.1144117626119 22.9876719385125 24.2936984253019 25.2866390552568 26.2130838566844
16.056068134 14.3818171086977 13.102335941755 12.9492069676049 13.358414142602 13.5176279759803 13.4328658087358 13.6824630127668 12.8923162540715 10.114863084497 8.76922178383695 8.64045313890618 8.76813065846483 8.69409565936085 8.92069787353483 9.82151600312616 9.84123433309387 9.30812407285779 9.97014461850144 11.1071381980519 12.3992315792382 13.0381236471211 13.3817940066554 12.5952511848075 12.1406694216406 12.1543827516653 11.9005588494456 11.9340019388067 12.1440777803492 12.2806917738779 12.9108328864415 13.6034793230202 14.4258366180261 15.4825983275622 16.5183891878038 17.3702948249433 18.4791227398219 19.485893258051 20.4994653586096 21.3366343015876 22.2571181492741 22.3008029738348 23.1803590041141 24.4463053773088 25.3850381486539 26.3764224531368
16.7058662455123 15.3255057030767 14.7664177489912 15.4375730555467 16.4840931756464 16.2725488105854 15.0576961441288 15.2200271875119 14.4472713641567 13.0438685648731 12.2646753896035 13.0330951111079 13.7815465554686 14.2885252328881 14.5927383426683 13.4923694479024 13.1270920474061 11.0592318548349 11.776941191608 13.9648246161604 15.046200125367 15.4163479092297 15.4362534208446 14.9409099723993 15.1714362997583 13.8631166329071 11.9955902095777 12.2788572967001 12.6580821604826 12.7917136973612 13.1982050007542 14.0085083416661 14.6687391709601 15.5089178597502 16.5312602345552 17.3568915120623 18.4010278423733 19.4883458812133 20.6041151993802 21.699473497398 22.2666433067357 22.501235566828 23.3920352737789 24.6578276144377 25.5099208235286 26.4557568035862
16.824440196723 15.5343992002004 15.0129234533279 15.6368374357993 16.5965999257712 16.3176166289052 15.2192627420298 15.3880137827443 14.7490627523683 13.6209234732106 12.8800143250096 13.5362495780864 14.1114318172081 14.5598486205422 14.8658132121909 13.9496873872811 13.487160673824 11.347904198511 11.9138601539574 14.09486732568 15.3309916774365 15.7698381091983 15.8360388125106 15.3973441449512 15.5420151366255 14.6377154755093 14.3004274852817 13.1373809489527 13.3153827963071 13.4017726794166 13.8722812784104 14.5459934481752 14.2118216076849 15.8908879674051 16.6344699548041 17.4160287952119 18.4104838399697 19.5885609838307 20.7986148896947 21.6880754925378 21.6428379207263 23.3062483258288 24.1073409659294 24.9118729194669 25.8456690110121 26.5871736521958
17.0828994658803 16.6880470884612 16.5536639078849 16.8374838616236 17.1764898776754 16.5068557104869 16.2808981262485 16.543857232151 16.9350767691504 17.669279127661 17.411437170624 17.3962579152895 16.957746037781 17.0778441990499 17.4094004874896 17.7145403027924 16.6258179626352 14.1935359224155 13.362184736902 15.2021266740772 17.2187639225999 18.2920505315818 19.076210472023 19.102682113623 18.4966839871228 17.0574334648854 15.1035274329664 13.9291331732455 13.9167539540777 13.67323688183 14.1420282866812 14.8961233816672 14.783152110857 15.9822188820224 16.6345197650238 17.5076785469283 18.682222766502 19.8219454258401 20.8384002401219 21.5986787200389 21.8427452211309 23.3480571697857 24.1894076714486 25.2023351880763 26.217226646351 26.9247875692842
17.2730491189816 17.3851294803021 17.3606577180265 17.3739087655584 17.4609423963554 16.8603088548283 16.6391373041249 16.9088695874159 17.4559540871015 17.8571861186403 18.1671488566495 18.4194919273397 18.526308752913 18.8233902843552 19.1228383518908 19.1435272447778 18.1955899146586 16.4203142991931 14.6101295159341 15.667421922109 16.9351748179541 18.7551119577264 21.0801120472257 21.6457539225957 20.9227315820296 19.2685776362585 17.3869700064469 16.1429727794556 15.5019540792014 14.4263813466032 14.8292699541183 15.6843516175127 16.2420952865903 16.2852458579094 16.7092600474013 17.7240206681001 19.1968225261029 20.2259493782371 20.8888383093333 21.1167880817182 22.0448473983393 22.9583817593781 23.841247828564 25.0796683979125 26.2530521928126 26.9868917289219
17.4644877976724 17.5927455441322 17.5951961641744 17.5913273105088 17.5871784616609 17.2319404917758 17.0380277162564 17.291559952738 17.7028825437213 17.9809521655236 18.2527963495748 18.4897439140322 18.7117400065725 18.9615834077478 19.2282261495361 19.3437666916641 18.7547798671905 17.3610484589436 15.6472582331824 16.335106565398 17.2917572227291 18.9549000333759 21.5398021212971 22.4775412664265 22.4451846847855 21.0764021713805 18.6033852620574 17.0701681529073 16.3434642635636 15.2399737850437 15.3829385091747 16.0223646946927 16.5897602032606 17.3034828181201 17.8751510972133 18.6715950078871 19.7082915638856 20.7927834127107 21.9452974648281 21.9820245049675 22.5474161220032 23.3250779934114 24.0927008774925 24.6034415816499 25.643243468233 26.6526700069357
17.5826793303662 17.9983375447764 18.226162573623 18.0026080616417 17.7157691397664 17.6145519781342 17.5751396715353 17.815641705482 18.011993851915 18.1744178089351 18.3860515008899 18.6443809694571 18.9515939421544 19.1705967019677 19.4184774612316 19.668274187743 19.7366958532439 19.3007582958741 18.160148853466 18.1047734309431 18.6049107900687 19.8142791939407 22.3594185512841 23.6018072261817 24.2207521176558 23.8092363635578 21.6074446651603 20.0186168486039 19.6364203774324 18.3820655993277 17.9185495508332 18.1400663167107 18.2618791718548 18.608120404054 18.8825848970081 19.9407580276308 21.2938812580611 21.7425764433376 22.5331318490371 23.1601209202998 23.001722754691 23.7758151708582 24.5946073336515 25.3927681457423 26.6027194336932 27.9224020730007
17.787849884037 18.3725526468981 18.7201048671597 18.345504809618 17.9215478197479 17.7984228599668 17.8347085793998 18.0698068754884 18.2134044453127 18.3824530262174 18.5750760172888 18.8535515820692 19.1261230798717 19.3531768607468 19.605574741773 19.8666892827024 20.1026794678019 20.0171075587478 19.1678223699637 18.872032549654 19.3297405841902 20.3751825065569 22.7172355553712 23.9045754278634 24.463210865664 24.5054062145113 22.9473663541628 21.5486057689352 21.4763099706507 20.4603360588316 19.7397510755818 19.6748513842972 19.491231112426 21.209427233801 21.4296039535109 22.2620226201937 22.9566267292919 23.2596904387988 23.8266759623813 24.7333929404298 25.351707655605 24.9258642860445 25.7765479390244 26.7726507636416 28.2852878893986 30.3484144058749
18.4844005997555 19.1916629455701 19.9071636618184 19.9210330538639 19.5713981293811 19.7441416176531 18.6640480225497 18.8348194689165 19.2160559706252 18.8455927661479 18.8358357108026 19.0367059010737 19.252237929945 19.4957024214875 19.7452810680261 19.9990576634747 20.2778512557501 20.3721271307897 20.3428001015903 20.4693434784599 20.9566399954721 21.7693235688613 23.218460105961 24.0559399219017 24.6009471244908 24.2024348035845 23.5479943793168 22.877684455263 23.0594658540083 22.3096333277341 21.8724072922774 22.2448008872815 22.4296823481397 22.1232760545508 22.4069232094932 23.076254831043 23.4158546523499 23.8399994848994 24.4197915462144 25.2783886846633 26.4197715012176 25.5090418719727 26.3627325773338 27.3639435475122 28.9577508227436 31.2431496965316
19.2942866592121 20.0990433985127 20.5339626157091 20.6720365211973 20.8306665139924 21.1983936368829 20.7710378004629 20.9940227747272 21.7317523882568 21.529387526405 20.9099151837676 21.7507743457694 22.6741534032462 22.982228029888 22.2202838819983 22.4280904960943 21.3026581862219 20.7759986369519 20.9124292134629 21.2939296355892 21.7892837316295 22.2989653575929 22.7934761919041 23.2911738397428 24.2069725524132 23.8344001970449 23.7339122879812 24.1471503860949 24.0738409286206 23.884543087441 23.9524318560387 23.3809883488532 23.7235983554853 23.5813024789665 23.248303516648 23.8990132907364 24.5330303978145 25.3384144433015 26.1445483842075 26.6217422206899 27.5945649598154 28.9982705116184 29.7768991251574 30.1337634205253 31.000492192655 33.1482521288578
19.6835806160787 20.4969398853935 20.8950614525056 21.022079050753 21.2061448820158 21.5650811113077 21.2077551197508 21.4297654390548 22.1641751606232 21.9936329589474 21.387282251324 22.2374232105592 23.1660407588397 23.4766284249083 22.729424830167 22.9659280876297 21.6666334811984 21.2149465748643 21.3771514716178 21.7507032203236 22.2222504287723 22.6809407129065 23.0623215566518 23.5117504353873 24.4046411718574 24.0712631148314 23.9998801740979 24.4540209425181 24.3895948191781 24.246000732362 24.3451472088785 23.74947156222 24.0714958987543 23.982438090249 23.6259340252298 24.2721752536767 25.326074688768 26.6562219893468 27.5861757928771 28.754136592158 29.0754285546689 30.1709309561646 31.2229456250124 32.9509381959755 33.0609775959309 34.3738512125906
