pykrige/test/test1_answer.asc
NCOLS   100
NROWS   100
XLLCENTER      1.067275000E+06
YLLCENTER      2.414590000E+05
DX      5.000000000E+01
DY      2.500000000E+01
NODATA_VALUE      -9.990000E+02
[rows 22 to 43 of 100, columns 0 to 47 of 100]
0.21096126E+02 0.20095270E+02 0.19188074E+02 0.18399135E+02 0.17748341E+02 0.17246842E+02 0.16894650E+02 0.16681115E+02 0.16588055E+02 0.16593993E+02 0.16677890E+02 0.16821511E+02 0.17010423E+02 0.17234015E+02 0.17484932E+02 0.17758258E+02 0.18050638E+02 0.18359469E+02 0.18682268E+02 0.19016256E+02 0.19358195E+02 0.19704413E+02 0.20050985E+02 0.20393961E+02 0.20729591E+02 0.21054496E+02 0.21365793E+02 0.21661365E+02 0.21974879E+02 0.22451920E+02 0.22913262E+02 0.23353249E+02 0.23770868E+02 0.24165189E+02 0.24535194E+02 0.24879814E+02 0.25198275E+02 0.25491837E+02 0.25779413E+02 0.26615788E+02 0.28482148E+02 0.30381417E+02 0.32253782E+02 0.34093814E+02 0.35900244E+02 0.37672538E+02 0.39410264E+02 0.41112943E+02
0.20498141E+02 0.19446286E+02 0.18492544E+02 0.17665801E+02 0.16989900E+02 0.16478241E+02 0.16130445E+02 0.15933012E+02 0.15863614E+02 0.15896695E+02 0.16008064E+02 0.16177524E+02 0.16389748E+02 0.16634016E+02 0.16903368E+02 0.17193553E+02 0.17501946E+02 0.17826600E+02 0.18165507E+02 0.18516142E+02 0.18875307E+02 0.19239224E+02 0.19603789E+02 0.19964904E+02 0.20318797E+02 0.20662373E+02 0.20993906E+02 0.21316684E+02 0.21675054E+02 0.22134423E+02 0.22604304E+02 0.23058354E+02 0.23492777E+02 0.23906517E+02 0.24299406E+02 0.24672444E+02 0.25029895E+02 0.25388166E+02 0.25828552E+02 0.26782450E+02 0.28460660E+02 0.30309271E+02 0.32168975E+02 0.34009857E+02 0.35823240E+02 0.37605612E+02 0.39355090E+02 0.41070382E+02
0.19902891E+02 0.18795736E+02 0.17790850E+02 0.16922353E+02 0.16219148E+02 0.15697599E+02 0.15356794E+02 0.15179473E+02 0.15138036E+02 0.15201990E+02 0.15343580E+02 0.15540596E+02 0.15776959E+02 0.16042068E+02 0.16329612E+02 0.16636236E+02 0.16960250E+02 0.17300516E+02 0.17655599E+02 0.18023264E+02 0.18400353E+02 0.18782954E+02 0.19166779E+02 0.19547623E+02 0.19921838E+02 0.20286968E+02 0.20643180E+02 0.20998932E+02 0.21389905E+02 0.21845514E+02 0.22320941E+02 0.22788590E+02 0.23241522E+02 0.23678399E+02 0.24100338E+02 0.24511538E+02 0.24923440E+02 0.25369541E+02 0.25960654E+02 0.26982842E+02 0.28532148E+02 0.30306340E+02 0.32134955E+02 0.33964829E+02 0.35777295E+02 0.37564297E+02 0.39321623E+02 0.41046655E+02
0.19312857E+02 0.18145661E+02 0.17084298E+02 0.16169285E+02 0.15436085E+02 0.14905038E+02 0.14574499E+02 0.14422176E+02 0.14413700E+02 0.14512628E+02 0.14687252E+02 0.14913379E+02 0.15174419E+02 0.15460193E+02 0.15765331E+02 0.16087647E+02 0.16426614E+02 0.16782072E+02 0.17153257E+02 0.17538256E+02 0.17933918E+02 0.18336149E+02 0.18740435E+02 0.19142459E+02 0.19538758E+02 0.19927596E+02 0.20310791E+02 0.20698590E+02 0.21116018E+02 0.21577827E+02 0.22060584E+02 0.22542553E+02 0.23015788E+02 0.23479048E+02 0.23935045E+02 0.24391526E+02 0.24866782E+02 0.25405493E+02 0.26116318E+02 0.27183056E+02 0.28654079E+02 0.30356024E+02 0.32144580E+02 0.33955217E+02 0.35760513E+02 0.37547514E+02 0.39309242E+02 0.41041418E+02
0.18731068E+02 0.17498660E+02 0.16374627E+02 0.15407297E+02 0.14640736E+02 0.14100743E+02 0.13784651E+02 0.13663306E+02 0.13693588E+02 0.13831934E+02 0.14042363E+02 0.14298887E+02 0.14584755E+02 0.14890587E+02 0.15212302E+02 0.15549181E+02 0.15902117E+02 0.16272113E+02 0.16659177E+02 0.17061728E+02 0.17476570E+02 0.17899334E+02 0.18325195E+02 0.18749671E+02 0.19169443E+02 0.19583369E+02 0.19994224E+02 0.20411794E+02 0.20853235E+02 0.21327022E+02 0.21820472E+02 0.22318364E+02 0.22813725E+02 0.23306019E+02 0.23799699E+02 0.24305741E+02 0.24847384E+02 0.25473244E+02 0.26276567E+02 0.27376922E+02 0.28800799E+02 0.30442597E+02 0.32189662E+02 0.33976591E+02 0.35770352E+02 0.37553738E+02 0.39317011E+02 0.41054101E+02
0.18161211E+02 0.16858053E+02 0.15664178E+02 0.14637379E+02 0.13833156E+02 0.13284989E+02 0.12988746E+02 0.12905736E+02 0.12981445E+02 0.13163902E+02 0.13412725E+02 0.13700513E+02 0.14010856E+02 0.14335622E+02 0.14672403E+02 0.15022281E+02 0.15387844E+02 0.15771467E+02 0.16174031E+02 0.16594278E+02 0.17028869E+02 0.17473028E+02 0.17921487E+02 0.18369493E+02 0.18813757E+02 0.19253492E+02 0.19691793E+02 0.20137132E+02 0.20601568E+02 0.21090820E+02 0.21598201E+02 0.22113949E+02 0.22633132E+02 0.23156444E+02 0.23690047E+02 0.24247405E+02 0.24854377E+02 0.25558235E+02 0.26434420E+02 0.27562712E+02 0.28958484E+02 0.30553601E+02 0.32262296E+02 0.34024180E+02 0.35803885E+02 0.37581128E+02 0.39343750E+02 0.41083949E+02
0.17607760E+02 0.16228102E+02 0.14956136E+02 0.13860965E+02 0.13013448E+02 0.12458179E+02 0.12188878E+02 0.12153278E+02 0.12281974E+02 0.12513312E+02 0.12802717E+02 0.13122043E+02 0.13455871E+02 0.13797832E+02 0.14147603E+02 0.14508423E+02 0.14884876E+02 0.15280935E+02 0.15698461E+02 0.16136486E+02 0.16591382E+02 0.17057772E+02 0.17529766E+02 0.18002187E+02 0.18471631E+02 0.18937418E+02 0.19402544E+02 0.19874105E+02 0.20361030E+02 0.20867909E+02 0.21391801E+02 0.21927223E+02 0.22471641E+02 0.23027266E+02 0.23601787E+02 0.24210280E+02 0.24879192E+02 0.25651569E+02 0.26586904E+02 0.27739875E+02 0.29119679E+02 0.30679996E+02 0.32355575E+02 0.34093327E+02 0.35858046E+02 0.37627655E+02 0.39388110E+02 0.41130065E+02
0.17076110E+02 0.15614282E+02 0.14254898E+02 0.13080172E+02 0.12181782E+02 0.11620920E+02 0.11388038E+02 0.11411041E+02 0.11601078E+02 0.11885837E+02 0.12217313E+02 0.12567644E+02 0.12923192E+02 0.13279902E+02 0.13639953E+02 0.14009104E+02 0.14394272E+02 0.14801280E+02 0.15233081E+02 0.15688926E+02 0.16164695E+02 0.16654150E+02 0.17150546E+02 0.17648102E+02 0.18143132E+02 0.18634877E+02 0.19126040E+02 0.19622584E+02 0.20131613E+02 0.20657417E+02 0.21199661E+02 0.21756199E+02 0.22326858E+02 0.22915429E+02 0.23530846E+02 0.24188973E+02 0.24915391E+02 0.25747788E+02 0.26732625E+02 0.27908278E+02 0.29280226E+02 0.30815469E+02 0.32463835E+02 0.34179778E+02 0.35929827E+02 0.37691227E+02 0.39448642E+02 0.41191454E+02
0.16572690E+02 0.15023620E+02 0.13566611E+02 0.12298223E+02 0.11338439E+02 0.10774151E+02 0.10590618E+02 0.10685932E+02 0.10946129E+02 0.11288115E+02 0.11662073E+02 0.12041830E+02 0.12416419E+02 0.12784641E+02 0.13151567E+02 0.13525834E+02 0.13917058E+02 0.14333213E+02 0.14778466E+02 0.15252175E+02 0.15749440E+02 0.16262826E+02 0.16784443E+02 0.17307703E+02 0.17828499E+02 0.18345866E+02 0.18862182E+02 0.19382615E+02 0.19913295E+02 0.20458680E+02 0.21020422E+02 0.21599030E+02 0.22196473E+02 0.22818020E+02 0.23473539E+02 0.24179003E+02 0.24958244E+02 0.25843477E+02 0.26870902E+02 0.28067957E+02 0.29437726E+02 0.30955673E+02 0.32582598E+02 0.34279820E+02 0.36016409E+02 0.37769783E+02 0.39523860E+02 0.41267060E+02
0.16105029E+02 0.14465057E+02 0.12899964E+02 0.11520214E+02 0.10483902E+02 0.99194154E+01 0.98032729E+01 0.99873425E+01 0.10326227E+02 0.10727775E+02 0.11143080E+02 0.11549396E+02 0.11939318E+02 0.12314963E+02 0.12684608E+02 0.13060119E+02 0.13454214E+02 0.13877383E+02 0.14335151E+02 0.14826821E+02 0.15346319E+02 0.15884570E+02 0.16432203E+02 0.16981612E+02 0.17528154E+02 0.18070613E+02 0.18611108E+02 0.19154345E+02 0.19706058E+02 0.20271152E+02 0.20852919E+02 0.21454027E+02 0.22078320E+02 0.22732359E+02 0.23426634E+02 0.24176734E+02 0.25004298E+02 0.25936450E+02 0.27001407E+02 0.28219033E+02 0.29590762E+02 0.31097619E+02 0.32708403E+02 0.34390314E+02 0.36115245E+02 0.37861360E+02 0.39612299E+02 0.41355810E+02
0.15681698E+02 0.13949777E+02 0.12267301E+02 0.10754539E+02 0.96190613E+01 0.90594283E+01 0.90364210E+01 0.93280141E+01 0.97523850E+01 0.10213342E+02 0.10666804E+02 0.11095309E+02 0.11495753E+02 0.11873849E+02 0.12241282E+02 0.12613459E+02 0.13006663E+02 0.13434362E+02 0.13903634E+02 0.14413489E+02 0.14956138E+02 0.15520307E+02 0.16094743E+02 0.16670625E+02 0.17242708E+02 0.17809546E+02 0.18373127E+02 0.18937995E+02 0.19509894E+02 0.20094364E+02 0.20696130E+02 0.21319666E+02 0.21970424E+02 0.22656044E+02 0.23387363E+02 0.24179262E+02 0.25051030E+02 0.26025281E+02 0.27124012E+02 0.28361673E+02 0.29738494E+02 0.31239249E+02 0.32838610E+02 0.34508661E+02 0.36224090E+02 0.37964145E+02 0.39712546E+02 0.41456635E+02
0.15312069E+02 0.13491321E+02 0.11686022E+02 0.10015682E+02 0.87457347E+01 0.81994741E+01 0.83068761E+01 0.87249679E+01 0.92374683E+01 0.97539769E+01 0.10239881E+02 0.10684568E+02 0.11089608E+02 0.11464324E+02 0.11823837E+02 0.12187348E+02 0.12575257E+02 0.13004633E+02 0.13484375E+02 0.14012864E+02 0.14579854E+02 0.15171154E+02 0.15773186E+02 0.16375740E+02 0.16972965E+02 0.17563269E+02 0.18148680E+02 0.18733848E+02 0.19324821E+02 0.19927913E+02 0.20549156E+02 0.21194579E+02 0.21871009E+02 0.22586958E+02 0.23353392E+02 0.24184280E+02 0.25096592E+02 0.26109028E+02 0.27238704E+02 0.28496075E+02 0.29880436E+02 0.31379143E+02 0.32971224E+02 0.34632747E+02 0.36341003E+02 0.38076494E+02 0.39823274E+02 0.41568502E+02
0.15005792E+02 0.13105183E+02 0.11179874E+02 0.93296592E+01 0.78682581E+01 0.73512828E+01 0.76421854E+01 0.82000266E+01 0.87956903E+01 0.93589939E+01 0.98688003E+01 0.10322021E+02 0.10724703E+02 0.11089433E+02 0.11434572E+02 0.11783299E+02 0.12160787E+02 0.12588578E+02 0.13077804E+02 0.13625736E+02 0.14218638E+02 0.14838484E+02 0.15468897E+02 0.16098170E+02 0.16719915E+02 0.17332547E+02 0.17938324E+02 0.18542244E+02 0.19150891E+02 0.19771455E+02 0.20411206E+02 0.21077552E+02 0.21778504E+02 0.22523269E+02 0.23322772E+02 0.24189968E+02 0.25139624E+02 0.26187076E+02 0.27345548E+02 0.28622457E+02 0.30016333E+02 0.31516334E+02 0.33104746E+02 0.34760868E+02 0.36464331E+02 0.38196941E+02 0.39943257E+02 0.41690422E+02
0.14771956E+02 0.12807537E+02 0.10778814E+02 0.87435793E+01 0.69998474E+01 0.65459349E+01 0.70862516E+01 0.77789124E+01 0.84414189E+01 0.90371432E+01 0.95595144E+01 0.10012168E+02 0.10404710E+02 0.10752238E+02 0.11075889E+02 0.11402885E+02 0.11763986E+02 0.12186466E+02 0.12684342E+02 0.13253071E+02 0.13873958E+02 0.14523992E+02 0.15183529E+02 0.15839358E+02 0.16484734E+02 0.17118284E+02 0.17742714E+02 0.18363583E+02 0.18988195E+02 0.19624707E+02 0.20281591E+02 0.20967513E+02 0.21691529E+02 0.22463398E+02 0.23293888E+02 0.24194894E+02 0.25179131E+02 0.26259034E+02 0.27444671E+02 0.28741065E+02 0.30146091E+02 0.31650173E+02 0.33238059E+02 0.34891667E+02 0.36592683E+02 0.38324198E+02 0.40071372E+02 0.41821467E+02
0.14618008E+02 0.12612847E+02 0.10515000E+02 0.83350130E+01 0.62020474E+01 0.58834389E+01 0.67004740E+01 0.74874854E+01 0.81872511E+01 0.87957348E+01 0.93170271E+01 0.97589604E+01 0.10133073E+02 0.10455820E+02 0.10750356E+02 0.11047829E+02 0.11385572E+02 0.11798449E+02 0.12304437E+02 0.12896109E+02 0.13547696E+02 0.14229775E+02 0.14919055E+02 0.15600989E+02 0.16268773E+02 0.16921516E+02 0.17562594E+02 0.18198320E+02 0.18836870E+02 0.19487445E+02 0.20159710E+02 0.20863521E+02 0.21608879E+02 0.22406000E+02 0.23265408E+02 0.24197934E+02 0.25214390E+02 0.26324679E+02 0.27536246E+02 0.28852169E+02 0.30269730E+02 0.31780246E+02 0.33370346E+02 0.35024072E+02 0.36724900E+02 0.38457140E+02 0.40206606E+02 0.41960769E+02
0.14548646E+02 0.12530792E+02 0.10413172E+02 0.81928001E+01 0.58834787E+01 0.56441844E+01 0.65446810E+01 0.73447666E+01 0.80417216E+01 0.86397728E+01 0.91450169E+01 0.95656277E+01 0.99129443E+01 0.10203324E+02 0.10460843E+02 0.10720162E+02 0.11026314E+02 0.11424549E+02 0.11938623E+02 0.12556535E+02 0.13242305E+02 0.13958423E+02 0.14677803E+02 0.15384987E+02 0.16073545E+02 0.16743388E+02 0.17398785E+02 0.18046967E+02 0.18697102E+02 0.19359507E+02 0.20045052E+02 0.20764755E+02 0.21529509E+02 0.22349923E+02 0.23236235E+02 0.24198213E+02 0.25244887E+02 0.26383916E+02 0.27620497E+02 0.28956069E+02 0.30387363E+02 0.31906318E+02 0.33501019E+02 0.35157242E+02 0.36860019E+02 0.38594792E+02 0.40348048E+02 0.42107527E+02
0.14565033E+02 0.12563704E+02 0.10479461E+02 0.83436024E+01 0.63884115E+01 0.59717064E+01 0.66355770E+01 0.73557903E+01 0.80074907E+01 0.85713428E+01 0.90455770E+01 0.94345511E+01 0.97471473E+01 0.99980036E+01 0.10210692E+02 0.10422475E+02 0.10687182E+02 0.11064660E+02 0.11587654E+02 0.12236738E+02 0.12961024E+02 0.13713115E+02 0.14462476E+02 0.15193498E+02 0.15900700E+02 0.16585137E+02 0.17252171E+02 0.17910083E+02 0.18569125E+02 0.19240788E+02 0.19937183E+02 0.20670496E+02 0.21452505E+02 0.22294190E+02 0.23205469E+02 0.24195054E+02 0.25270283E+02 0.26436760E+02 0.27697699E+02 0.29053105E+02 0.30499179E+02 0.32028292E+02 0.33629673E+02 0.35290529E+02 0.36997247E+02 0.38736312E+02 0.40494879E+02 0.42260995E+02
0.14664611E+02 0.12705940E+02 0.10698219E+02 0.87212270E+01 0.70933760E+01 0.65644125E+01 0.69318890E+01 0.75096717E+01 0.80808916E+01 0.85894463E+01 0.90191261E+01 0.93672012E+01 0.96381412E+01 0.98432782E+01 0.10003957E+02 0.10158341E+02 0.10369626E+02 0.10718550E+02 0.11252736E+02 0.11940246E+02 0.12708136E+02 0.13497698E+02 0.14276135E+02 0.15028852E+02 0.15751986E+02 0.16448062E+02 0.17123687E+02 0.17788276E+02 0.18453223E+02 0.19131246E+02 0.19835744E+02 0.20580120E+02 0.21377072E+02 0.22237960E+02 0.23172372E+02 0.24187950E+02 0.25290379E+02 0.26483325E+02 0.27768183E+02 0.29143660E+02 0.30605437E+02 0.32146187E+02 0.33756050E+02 0.35423442E+02 0.37135933E+02 0.38880973E+02 0.40646364E+02 0.42420485E+02
0.14841596E+02 0.12945566E+02 0.11040172E+02 0.92367208E+01 0.78282360E+01 0.72391067E+01 0.73699097E+01 0.77846044E+01 0.82530710E+01 0.86903338E+01 0.90644992E+01 0.93641363E+01 0.95879913E+01 0.97427601E+01 0.98456596E+01 0.99329708E+01 0.10076154E+02 0.10385861E+02 0.10936032E+02 0.11672404E+02 0.12489270E+02 0.13316711E+02 0.14122142E+02 0.14893501E+02 0.15629204E+02 0.16333491E+02 0.17014298E+02 0.17682193E+02 0.18349732E+02 0.19030899E+02 0.19740447E+02 0.20493084E+02 0.21302510E+02 0.22180513E+02 0.23136343E+02 0.24176538E+02 0.25305109E+02 0.26523825E+02 0.27832351E+02 0.29228174E+02 0.30706468E+02 0.32260115E+02 0.33880012E+02 0.35555614E+02 0.37275545E+02 0.39028145E+02 0.40801842E+02 0.42585354E+02
0.15087961E+02 0.13267357E+02 0.11473865E+02 0.98281923E+01 0.85662882E+01 0.79407378E+01 0.78970940E+01 0.81555227E+01 0.85121088E+01 0.88682050E+01 0.91791864E+01 0.94250452E+01 0.95983140E+01 0.97001930E+01 0.97419920E+01 0.97541669E+01 0.98115712E+01 0.10066127E+02 0.10641777E+02 0.11441433E+02 0.12311637E+02 0.13175301E+02 0.14004033E+02 0.14789914E+02 0.15534134E+02 0.16242747E+02 0.16924982E+02 0.17592516E+02 0.18259042E+02 0.18939830E+02 0.19651074E+02 0.20408916E+02 0.21228198E+02 0.22121221E+02 0.23096897E+02 0.24160584E+02 0.25314533E+02 0.26558579E+02 0.27890681E+02 0.29307152E+02 0.30802670E+02 0.32370276E+02 0.34001523E+02 0.35686785E+02 0.37415646E+02 0.39177277E+02 0.40960708E+02 0.42754998E+02
0.15394565E+02 0.13655639E+02 0.11972610E+02 0.10460686E+02 0.93007905E+01 0.86511767E+01 0.84791161E+01 0.85996335E+01 0.88451718E+01 0.91160476E+01 0.93596505E+01 0.95488156E+01 0.96701786E+01 0.97192443E+01 0.97002574E+01 0.96334945E+01 0.95858421E+01 0.97588046E+01 0.10379020E+02 0.11259838E+02 0.12184015E+02 0.13078962E+02 0.13925311E+02 0.14720450E+02 0.15468468E+02 0.16177102E+02 0.16856717E+02 0.17519964E+02 0.18181602E+02 0.18858195E+02 0.19567477E+02 0.20327209E+02 0.21153579E+02 0.22059538E+02 0.23053654E+02 0.24139979E+02 0.25318839E+02 0.26588021E+02 0.27943747E+02 0.29381179E+02 0.30894517E+02 0.32476949E+02 0.34120629E+02 0.35816779E+02 0.37555879E+02 0.39327882E+02 0.41122402E+02 0.42928838E+02
0.15752128E+02 0.14096138E+02 0.12516276E+02 0.11115180E+02 0.10029605E+02 0.93633646E+01 0.90952070E+01 0.90986121E+01 0.92400653E+01 0.94263983E+01 0.96016548E+01 0.97336035E+01 0.98039617E+01 0.98030989E+01 0.97282759E+01 0.95869558E+01 0.94207230E+01 0.94633957E+01 0.10168723E+02 0.11145514E+02 0.12116136E+02 0.13033029E+02 0.13889161E+02 0.14687208E+02 0.15433724E+02 0.16137740E+02 0.16810457E+02 0.17465290E+02 0.18117934E+02 0.18786236E+02 0.19489588E+02 0.20247615E+02 0.21078148E+02 0.21994979E+02 0.23006330E+02 0.24114744E+02 0.25318362E+02 0.26612725E+02 0.27992242E+02 0.29450931E+02 0.30982561E+02 0.32580484E+02 0.34237448E+02 0.35945490E+02 0.37695945E+02 0.39479523E+02 0.41286402E+02 0.43106313E+02
