pykrige/test/test2_answer.asc
NCOLS   100
NROWS   100
XLLCENTER      1.067275000E+06
YLLCENTER      2.414590000E+05
DX      5.000000000E+01
DY      2.500000000E+01
NODATA_VALUE      -9.990000E+02
[rows 66 to 87 of 100, columns 0 to 47 of 100]
-0.10601188E+01 -0.94151307E-01 0.84630018E+00 0.17600597E+01 0.26463978E+01 0.35051095E+01 0.43365667E+01 0.51417393E+01 0.59221825E+01 0.66799951E+01 0.74177495E+01 0.81383977E+01 0.88451535E+01 0.95413458E+01 0.10230244E+02 0.10914858E+02 0.11597728E+02 0.12280746E+02 0.12965029E+02 0.13650909E+02 0.14338032E+02 0.15025570E+02 0.15712518E+02 0.16398047E+02 0.17081887E+02 0.17764785E+02 0.18449060E+02 0.19139365E+02 0.19843743E+02 0.20575003E+02 0.21352039E+02 0.22199689E+02 0.23144323E+02 0.24203719E+02 0.25377289E+02 0.26646842E+02 0.27987025E+02 0.29374972E+02 0.30794303E+02 0.32235608E+02 0.33696722E+02 0.35185957E+02 0.36734457E+02 0.38425766E+02 0.40370194E+02 0.42530382E+02 0.44789850E+02 0.47087976E+02
-0.10180016E+01 -0.52514119E-01 0.88858234E+00 0.18042520E+01 0.26938708E+01 0.35572938E+01 0.43949001E+01 0.52076109E+01 0.59968776E+01 0.67646436E+01 0.75132801E+01 0.82454984E+01 0.89642398E+01 0.96725412E+01 0.10373378E+02 0.11069492E+02 0.11763213E+02 0.12456315E+02 0.13149924E+02 0.13844511E+02 0.14539993E+02 0.15235917E+02 0.15931728E+02 0.16627094E+02 0.17322272E+02 0.18018545E+02 0.18718751E+02 0.19427969E+02 0.20154386E+02 0.20910259E+02 0.21712534E+02 0.22581969E+02 0.23539142E+02 0.24597225E+02 0.25755739E+02 0.27001014E+02 0.28312863E+02 0.29671576E+02 0.31061576E+02 0.32472389E+02 0.33898966E+02 0.35343995E+02 0.36829770E+02 0.38451130E+02 0.40406115E+02 0.42619169E+02 0.44911178E+02 0.47224782E+02
-0.97154060E+00 -0.61992701E-02 0.93582408E+00 0.18536174E+01 0.27466487E+01 0.36148242E+01 0.44585275E+01 0.52786335E+01 0.60764982E+01 0.68539229E+01 0.76130949E+01 0.83565071E+01 0.90868556E+01 0.98069182E+01 0.10519414E+02 0.11226854E+02 0.11931394E+02 0.12634717E+02 0.13337964E+02 0.14041739E+02 0.14746198E+02 0.15451226E+02 0.16156668E+02 0.16862635E+02 0.17569847E+02 0.18280036E+02 0.18996439E+02 0.19724383E+02 0.20471963E+02 0.21250655E+02 0.22075448E+02 0.22963648E+02 0.23931487E+02 0.24988928E+02 0.26135547E+02 0.27360809E+02 0.28648462E+02 0.29981580E+02 0.31345674E+02 0.32729776E+02 0.34126578E+02 0.35533182E+02 0.36957249E+02 0.38475205E+02 0.40458092E+02 0.42736988E+02 0.45054224E+02 0.47375184E+02
-0.92084855E+00 0.44648923E-01 0.98785180E+00 0.19079575E+01 0.28045145E+01 0.36774732E+01 0.45272183E+01 0.53545817E+01 0.61608314E+01 0.69476387E+01 0.77170240E+01 0.84712825E+01 0.92128907E+01 0.99443965E+01 0.10668296E+02 0.11386902E+02 0.12102227E+02 0.12815883E+02 0.13529031E+02 0.14242396E+02 0.14956354E+02 0.15671083E+02 0.16386787E+02 0.17103962E+02 0.17823724E+02 0.18548171E+02 0.19280824E+02 0.20027109E+02 0.20794859E+02 0.21594656E+02 0.22439648E+02 0.23344279E+02 0.24321497E+02 0.25378980E+02 0.26516351E+02 0.27725336E+02 0.28992738E+02 0.30304103E+02 0.31646276E+02 0.33008474E+02 0.34382374E+02 0.35761809E+02 0.37142791E+02 0.38532893E+02 0.40571961E+02 0.42900700E+02 0.45225332E+02 0.47542368E+02
-0.86604146E+00 0.99885606E-01 0.10444942E+01 0.19670788E+01 0.28672585E+01 0.37450209E+01 0.46007505E+01 0.54352383E+01 0.62496714E+01 0.70456030E+01 0.78249019E+01 0.85896851E+01 0.93422327E+01 0.10084890E+02 0.10819957E+02 0.11549581E+02 0.12275651E+02 0.12999724E+02 0.13722987E+02 0.14446276E+02 0.15170161E+02 0.15895080E+02 0.16621547E+02 0.17350394E+02 0.18083064E+02 0.18821944E+02 0.19570735E+02 0.20334846E+02 0.21121736E+02 0.21941059E+02 0.22804302E+02 0.23723561E+02 0.24709282E+02 0.25767500E+02 0.26897894E+02 0.28093896E+02 0.29344752E+02 0.30638233E+02 0.31962740E+02 0.33308412E+02 0.34667488E+02 0.36034519E+02 0.37408218E+02 0.38823307E+02 0.40823142E+02 0.43121997E+02 0.45428160E+02 0.47728257E+02
-0.80723770E+00 0.15936616E+00 0.11055828E+01 0.20307928E+01 0.29346772E+01 0.38172556E+01 0.46789103E+01 0.55203941E+01 0.63428201E+01 0.71476336E+01 0.79365667E+01 0.87115760E+01 0.94747668E+01 0.10228305E+02 0.10974322E+02 0.11714819E+02 0.12451586E+02 0.13186135E+02 0.13919681E+02 0.14653162E+02 0.15387315E+02 0.16122811E+02 0.16860428E+02 0.17601283E+02 0.18347086E+02 0.19100436E+02 0.19865131E+02 0.20646473E+02 0.21451486E+02 0.22288915E+02 0.23168784E+02 0.24101274E+02 0.25094921E+02 0.26154561E+02 0.27279959E+02 0.28465891E+02 0.29703619E+02 0.30982951E+02 0.32294035E+02 0.33628576E+02 0.34980819E+02 0.36349575E+02 0.37747393E+02 0.39262008E+02 0.41187751E+02 0.43398175E+02 0.45662283E+02 0.47933148E+02
-0.74455713E+00 0.22294683E+00 0.11709522E+01 0.20989161E+01 0.30065741E+01 0.38939731E+01 0.47614920E+01 0.56098478E+01 0.64400859E+01 0.72535538E+01 0.80518600E+01 0.88368176E+01 0.96103759E+01 0.10374543E+02 0.11131302E+02 0.11882533E+02 0.12629937E+02 0.13374996E+02 0.14118950E+02 0.14862828E+02 0.15607516E+02 0.16353882E+02 0.17102933E+02 0.17856019E+02 0.18615063E+02 0.19382811E+02 0.20163089E+02 0.20961029E+02 0.21783190E+02 0.22637466E+02 0.23532609E+02 0.24477250E+02 0.25478452E+02 0.26540181E+02 0.27662323E+02 0.28840755E+02 0.30068452E+02 0.31337109E+02 0.32638733E+02 0.33967041E+02 0.35319161E+02 0.36699545E+02 0.38133362E+02 0.39711647E+02 0.41592027E+02 0.43714644E+02 0.45923515E+02 0.48155768E+02
-0.67812031E+00 0.29048527E+00 0.12404405E+01 0.21712706E+01 0.30827593E+01 0.39749766E+01 0.48482973E+01 0.57034052E+01 0.65412837E+01 0.73631917E+01 0.81706265E+01 0.89652724E+01 0.97489406E+01 0.10523500E+02 0.11290805E+02 0.12052628E+02 0.12810601E+02 0.13566177E+02 0.14320623E+02 0.15075047E+02 0.15830465E+02 0.16587913E+02 0.17348589E+02 0.18114033E+02 0.18886330E+02 0.19668317E+02 0.20463797E+02 0.21277688E+02 0.22116085E+02 0.22986097E+02 0.23895391E+02 0.24851339E+02 0.25859872E+02 0.26924326E+02 0.28044738E+02 0.29217921E+02 0.30438336E+02 0.31699424E+02 0.32995073E+02 0.34321185E+02 0.35677941E+02 0.37074694E+02 0.38542445E+02 0.40156327E+02 0.42004684E+02 0.44055272E+02 0.46205657E+02 0.48393691E+02
-0.60804789E+00 0.36184089E+00 0.13138892E+01 0.22476833E+01 0.31630489E+01 0.40600764E+01 0.49391355E+01 0.58008793E+01 0.66462346E+01 0.74763804E+01 0.82927136E+01 0.90968039E+01 0.98903394E+01 0.10675066E+02 0.11452727E+02 0.12225002E+02 0.12993462E+02 0.13759538E+02 0.14524521E+02 0.15289589E+02 0.16055868E+02 0.16824536E+02 0.17596947E+02 0.18374794E+02 0.19160276E+02 0.19956281E+02 0.20766542E+02 0.21595745E+02 0.22449530E+02 0.23334304E+02 0.24256810E+02 0.25223403E+02 0.26239139E+02 0.27306907E+02 0.28426917E+02 0.29596799E+02 0.30812319E+02 0.32068514E+02 0.33361072E+02 0.34688000E+02 0.36052145E+02 0.37465981E+02 0.38960613E+02 0.40593109E+02 0.42415482E+02 0.44408080E+02 0.46502342E+02 0.48643924E+02
-0.53446014E+00 0.43687527E+00 0.13911439E+01 0.23279862E+01 0.32472657E+01 0.41490896E+01 0.50338227E+01 0.59020895E+01 0.67547654E+01 0.75929571E+01 0.84179716E+01 0.92312760E+01 0.10034449E+02 0.10829129E+02 0.11616961E+02 0.12399543E+02 0.13178396E+02 0.13954933E+02 0.14730464E+02 0.15506227E+02 0.16283441E+02 0.17063401E+02 0.17847589E+02 0.18637812E+02 0.19436349E+02 0.20246099E+02 0.21070699E+02 0.21914591E+02 0.22782985E+02 0.23681666E+02 0.24616594E+02 0.25593304E+02 0.26616178E+02 0.27687788E+02 0.28808538E+02 0.29976781E+02 0.31189425E+02 0.32442941E+02 0.33734654E+02 0.35064408E+02 0.36437028E+02 0.37866306E+02 0.39380338E+02 0.41021151E+02 0.42820645E+02 0.44765473E+02 0.46808121E+02 0.48903413E+02
-0.45747643E+00 0.51545238E+00 0.14720536E+01 0.24120167E+01 0.33352380E+01 0.42418399E+01 0.51321817E+01 0.60068616E+01 0.68667084E+01 0.77127636E+01 0.85462535E+01 0.93685535E+01 0.10181146E+02 0.10985573E+02 0.11783393E+02 0.12576136E+02 0.13365276E+02 0.14152211E+02 0.14938270E+02 0.15724736E+02 0.16512909E+02 0.17304177E+02 0.18100122E+02 0.18902636E+02 0.19714047E+02 0.20537235E+02 0.21375720E+02 0.22233701E+02 0.23115990E+02 0.24027823E+02 0.24974503E+02 0.25960900E+02 0.26990877E+02 0.28066792E+02 0.29189250E+02 0.30357239E+02 0.31568670E+02 0.32821268E+02 0.34113770E+02 0.35447492E+02 0.36828496E+02 0.38270532E+02 0.39797545E+02 0.41440194E+02 0.43218616E+02 0.45122888E+02 0.47118779E+02 0.49169378E+02
-0.37721497E+00 0.59743879E+00 0.15564717E+01 0.24996169E+01 0.34268003E+01 0.43381572E+01 0.52340415E+01 0.61150273E+01 0.69819011E+01 0.78356455E+01 0.86774146E+01 0.95085019E+01 0.10330304E+02 0.11144278E+02 0.11951906E+02 0.12754659E+02 0.13553969E+02 0.14351221E+02 0.15147755E+02 0.15944897E+02 0.16744007E+02 0.17546549E+02 0.18354181E+02 0.19168854E+02 0.19992917E+02 0.20829210E+02 0.21681126E+02 0.22552623E+02 0.23448152E+02 0.24372467E+02 0.25330320E+02 0.26326045E+02 0.27363104E+02 0.28443711E+02 0.29568675E+02 0.30737543E+02 0.31949088E+02 0.33202105E+02 0.34496490E+02 0.35834640E+02 0.37223214E+02 0.38675072E+02 0.40209953E+02 0.41850200E+02 0.43608730E+02 0.45477617E+02 0.47431236E+02 0.49439458E+02
-0.29379243E+00 0.68270384E+00 0.16442551E+01 0.25906340E+01 0.35217927E+01 0.44378775E+01 0.53392373E+01 0.62264241E+01 0.71001859E+01 0.79614526E+01 0.88113132E+01 0.96509884E+01 0.10481797E+02 0.11305124E+02 0.12122383E+02 0.12934989E+02 0.13744340E+02 0.14551807E+02 0.15358740E+02 0.16166495E+02 0.16976482E+02 0.17790222E+02 0.18609428E+02 0.19436087E+02 0.20272550E+02 0.21121599E+02 0.21986493E+02 0.22870963E+02 0.23779127E+02 0.24715325E+02 0.25683845E+02 0.26688587E+02 0.27732701E+02 0.28818314E+02 0.29946427E+02 0.31117072E+02 0.32329753E+02 0.33584148E+02 0.34881064E+02 0.36223613E+02 0.37618562E+02 0.39077453E+02 0.40616244E+02 0.42251238E+02 0.43990736E+02 0.45828051E+02 0.47743312E+02 0.49711746E+02
-0.20732376E+00 0.77111975E+00 0.17352650E+01 0.26849200E+01 0.36200604E+01 0.45408425E+01 0.54476101E+01 0.63408948E+01 0.72214102E+01 0.80900384E+01 0.89478102E+01 0.97958811E+01 0.10635502E+02 0.11467990E+02 0.12294700E+02 0.13116999E+02 0.13936253E+02 0.14753817E+02 0.15571048E+02 0.16389325E+02 0.17210095E+02 0.18034920E+02 0.18865550E+02 0.19703992E+02 0.20552578E+02 0.21414023E+02 0.22291451E+02 0.23188375E+02 0.24108619E+02 0.25056158E+02 0.26034893E+02 0.27048371E+02 0.28099501E+02 0.29190356E+02 0.30322115E+02 0.31495224E+02 0.32709793E+02 0.33966208E+02 0.35265949E+02 0.36612543E+02 0.38012528E+02 0.39475980E+02 0.41015645E+02 0.42643435E+02 0.44364589E+02 0.46173242E+02 0.48053491E+02 0.49984742E+02
-0.11792197E+00 0.86256172E+00 0.18293661E+01 0.27823314E+01 0.37214542E+01 0.46468995E+01 0.55590062E+01 0.64582876E+01 0.73454259E+01 0.82212603E+01 0.90867694E+01 0.99430501E+01 0.10791292E+02 0.11632754E+02 0.12468736E+02 0.13300563E+02 0.14129570E+02 0.14957098E+02 0.15784505E+02 0.16613188E+02 0.17444617E+02 0.18280383E+02 0.19122259E+02 0.19972253E+02 0.20832670E+02 0.21706146E+02 0.22595672E+02 0.23504559E+02 0.24436363E+02 0.25394749E+02 0.26383289E+02 0.27405241E+02 0.28463326E+02 0.29559586E+02 0.30695356E+02 0.31871432E+02 0.33088410E+02 0.34347225E+02 0.35649824E+02 0.36999911E+02 0.38403590E+02 0.39869490E+02 0.41407713E+02 0.43026950E+02 0.44730357E+02 0.46512645E+02 0.48360735E+02 0.50257296E+02
-0.25697990E-01 0.95690799E+00 0.19264274E+01 0.28827295E+01 0.38258299E+01 0.47559011E+01 0.56732775E+01 0.65784557E+01 0.74720896E+01 0.83549795E+01 0.92280573E+01 0.10092367E+02 0.10949045E+02 0.11799295E+02 0.12644370E+02 0.13485555E+02 0.14324157E+02 0.15161502E+02 0.15998946E+02 0.16837894E+02 0.17679833E+02 0.18526372E+02 0.19379290E+02 0.20240588E+02 0.21112528E+02 0.21997669E+02 0.22898867E+02 0.23819248E+02 0.24762130E+02 0.25730904E+02 0.26728868E+02 0.27759041E+02 0.28823996E+02 0.29925753E+02 0.31065786E+02 0.32245168E+02 0.33464883E+02 0.34726270E+02 0.36031573E+02 0.37384501E+02 0.38790610E+02 0.40257194E+02 0.41792209E+02 0.43401964E+02 0.45088168E+02 0.46845965E+02 0.48664341E+02 0.50528532E+02
0.69239499E-01 0.10540399E+01 0.20263216E+01 0.29859800E+01 0.39330481E+01 0.48677049E+01 0.57902808E+01 0.67012571E+01 0.76012620E+01 0.84910608E+01 0.93715434E+01 0.10243707E+02 0.11108638E+02 0.11967492E+02 0.12821480E+02 0.13671849E+02 0.14519880E+02 0.15366882E+02 0.16214207E+02 0.17063262E+02 0.17915542E+02 0.18772662E+02 0.19636400E+02 0.20508736E+02 0.21391886E+02 0.22288325E+02 0.23200781E+02 0.24132208E+02 0.25085712E+02 0.26064448E+02 0.27071476E+02 0.28109621E+02 0.29181332E+02 0.30288617E+02 0.31433059E+02 0.32615952E+02 0.33838574E+02 0.35102547E+02 0.36410278E+02 0.37765354E+02 0.39172748E+02 0.40638562E+02 0.42169026E+02 0.43768672E+02 0.45438191E+02 0.47173064E+02 0.48963838E+02 0.50797792E+02
0.16678412E+00 0.11538418E+01 0.21289249E+01 0.30919530E+01 0.40429742E+01 0.49821738E+01 0.59098781E+01 0.68265546E+01 0.77328083E+01 0.86293731E+01 0.95171005E+01 0.10396945E+02 0.11269950E+02 0.12137226E+02 0.12999945E+02 0.13859321E+02 0.14716607E+02 0.15573097E+02 0.16430133E+02 0.17289120E+02 0.18151554E+02 0.19019047E+02 0.19893366E+02 0.20776464E+02 0.21670504E+02 0.22577875E+02 0.23501186E+02 0.24443231E+02 0.25406927E+02 0.26395219E+02 0.27410970E+02 0.28456835E+02 0.29535163E+02 0.30647949E+02 0.31796858E+02 0.32983356E+02 0.34208929E+02 0.35475385E+02 0.36785188E+02 0.38141728E+02 0.39549393E+02 0.41013250E+02 0.42538147E+02 0.44127279E+02 0.45780609E+02 0.47493907E+02 0.49258923E+02 0.51064583E+02
0.26683188E+00 0.12562012E+01 0.22341178E+01 0.32005227E+01 0.41554783E+01 0.50991751E+01 0.60319359E+01 0.69542156E+01 0.78665980E+01 0.87697886E+01 0.96646044E+01 0.10551962E+02 0.11432863E+02 0.12308381E+02 0.13179648E+02 0.14047849E+02 0.14914211E+02 0.15780010E+02 0.16646576E+02 0.17515307E+02 0.18387692E+02 0.19265335E+02 0.20149985E+02 0.21043560E+02 0.21948166E+02 0.22866110E+02 0.23799883E+02 0.24752134E+02 0.25725610E+02 0.26723075E+02 0.27747216E+02 0.28800546E+02 0.29885327E+02 0.31003535E+02 0.32156899E+02 0.33347001E+02 0.34575472E+02 0.35844226E+02 0.37155704E+02 0.38513055E+02 0.39920112E+02 0.41381050E+02 0.42899616E+02 0.44477991E+02 0.46115622E+02 0.47808524E+02 0.49549407E+02 0.51328540E+02
0.36928127E+00 0.13610088E+01 0.23417839E+01 0.33115675E+01 0.42704347E+01 0.52185809E+01 0.61563255E+01 0.70841118E+01 0.80025046E+01 0.89121835E+01 0.98139343E+01 0.10708638E+02 0.11597261E+02 0.12480840E+02 0.13360473E+02 0.14237314E+02 0.15112567E+02 0.15987488E+02 0.16863393E+02 0.17741667E+02 0.18623790E+02 0.19511350E+02 0.20406070E+02 0.21309831E+02 0.22224680E+02 0.23152840E+02 0.24096693E+02 0.25058755E+02 0.26041617E+02 0.27047884E+02 0.28080091E+02 0.29140626E+02 0.30231672E+02 0.31355184E+02 0.32512926E+02 0.33706561E+02 0.34937806E+02 0.36208615E+02 0.37521356E+02 0.38878912E+02 0.40284604E+02 0.41741852E+02 0.43253520E+02 0.44821020E+02 0.46443429E+02 0.48116987E+02 0.49835181E+02 0.51589393E+02
0.47403325E+00 0.14681583E+01 0.24518108E+01 0.34249700E+01 0.43877224E+01 0.53402679E+01 0.62829226E+01 0.72161195E+01 0.81404058E+01 0.90564377E+01 0.99649725E+01 0.10866860E+02 0.11763032E+02 0.12654491E+02 0.13542306E+02 0.14427601E+02 0.15311556E+02 0.16195406E+02 0.17080449E+02 0.17968058E+02 0.18859695E+02 0.19756928E+02 0.20661452E+02 0.21575104E+02 0.22499873E+02 0.23437898E+02 0.24391460E+02 0.25362948E+02 0.26354818E+02 0.27369530E+02 0.28409485E+02 0.29476959E+02 0.30574062E+02 0.31702723E+02 0.32864719E+02 0.34061759E+02 0.35295600E+02 0.36568188E+02 0.37881782E+02 0.39238991E+02 0.40642675E+02 0.42095618E+02 0.43599977E+02 0.45156575E+02 0.46764234E+02 0.48419395E+02 0.50116195E+02 0.51846946E+02
0.58099132E+00 0.15775464E+01 0.25640896E+01 0.35406165E+01 0.45072244E+01 0.54641168E+01 0.64116072E+01 0.73501190E+01 0.82801833E+01 0.92024349E+01 0.10117605E+02 0.11026514E+02 0.11930064E+02 0.12829226E+02 0.13725038E+02 0.14618598E+02 0.15511061E+02 0.16403641E+02 0.17297617E+02 0.18194344E+02 0.19095264E+02 0.20001921E+02 0.20915977E+02 0.21839224E+02 0.22773590E+02 0.23721135E+02 0.24684043E+02 0.25664588E+02 0.26665100E+02 0.27687910E+02 0.28735298E+02 0.29809441E+02 0.30912377E+02 0.32046002E+02 0.33212090E+02 0.34412364E+02 0.35648586E+02 0.36922660E+02 0.38236708E+02 0.39593078E+02 0.40994213E+02 0.42442363E+02 0.43939123E+02 0.45484865E+02 0.47078235E+02 0.48715865E+02 0.50392438E+02 0.52101057E+02
