pykrige/test/test2_answer.asc
NCOLS   100
NROWS   100
XLLCENTER      1.067275000E+06
YLLCENTER      2.414590000E+05
DX      5.000000000E+01
DY      2.500000000E+01
NODATA_VALUE      -9.990000E+02
[rows 22 to 43 of 100, columns 48 to 95 of 100]
0.42861989E+02 0.44518664E+02 0.46123175E+02 0.47671308E+02 0.49161468E+02 0.50594785E+02 0.51974522E+02 0.53305120E+02 0.54591328E+02 0.55837646E+02 0.57048095E+02 0.58226179E+02 0.59374948E+02 0.60497081E+02 0.61594950E+02 0.62670667E+02 0.63726091E+02 0.64762844E+02 0.65782336E+02 0.66785871E+02 0.67774908E+02 0.68751636E+02 0.69720103E+02 0.70688295E+02 0.71671362E+02 0.72693992E+02 0.73783330E+02 0.74947495E+02 0.76167611E+02 0.77417456E+02 0.78678370E+02 0.79939984E+02 0.81197062E+02 0.82447104E+02 0.83689026E+02 0.84922479E+02 0.86147502E+02 0.87364349E+02 0.88573392E+02 0.89775066E+02 0.90969846E+02 0.92158219E+02 0.93340681E+02 0.94517720E+02 0.95689814E+02 0.96857423E+02 0.98020988E+02 0.99180923E+02
0.42869977E+02 0.44527791E+02 0.46135390E+02 0.47688831E+02 0.49186366E+02 0.50628523E+02 0.52017686E+02 0.53357389E+02 0.54651623E+02 0.55904362E+02 0.57119307E+02 0.58299810E+02 0.59448890E+02 0.60569270E+02 0.61663422E+02 0.62733582E+02 0.63781752E+02 0.64809691E+02 0.65818928E+02 0.66810829E+02 0.67786810E+02 0.68748840E+02 0.69700511E+02 0.70649301E+02 0.71611034E+02 0.72616034E+02 0.73703846E+02 0.74886799E+02 0.76134191E+02 0.77409940E+02 0.78692753E+02 0.79972491E+02 0.81244640E+02 0.82507325E+02 0.83759923E+02 0.85002426E+02 0.86235133E+02 0.87458501E+02 0.88673067E+02 0.89879409E+02 0.91078119E+02 0.92269790E+02 0.93455007E+02 0.94634338E+02 0.95808330E+02 0.96977505E+02 0.98142356E+02 0.99303345E+02
0.42891349E+02 0.44549987E+02 0.46160386E+02 0.47718681E+02 0.49222901E+02 0.50673025E+02 0.52070677E+02 0.53418595E+02 0.54720087E+02 0.55978618E+02 0.57197564E+02 0.58380111E+02 0.59529228E+02 0.60647678E+02 0.61738031E+02 0.62802662E+02 0.63843737E+02 0.64863184E+02 0.65862678E+02 0.66843668E+02 0.67807515E+02 0.68755871E+02 0.69691572E+02 0.70620780E+02 0.71558323E+02 0.72539398E+02 0.73623244E+02 0.74830690E+02 0.76109936E+02 0.77412711E+02 0.78716888E+02 0.80013725E+02 0.81299879E+02 0.82574242E+02 0.83836682E+02 0.85087523E+02 0.86327305E+02 0.87556670E+02 0.88776307E+02 0.89986918E+02 0.91189207E+02 0.92383863E+02 0.93571555E+02 0.94752927E+02 0.95928592E+02 0.97099130E+02 0.98265085E+02 0.99426964E+02
0.42926058E+02 0.44585218E+02 0.46198148E+02 0.47760908E+02 0.49271239E+02 0.50728604E+02 0.52133948E+02 0.53489305E+02 0.54797355E+02 0.56061084E+02 0.57283549E+02 0.58467758E+02 0.59616626E+02 0.60732949E+02 0.61819404E+02 0.62878524E+02 0.63912664E+02 0.64923959E+02 0.65914276E+02 0.66885192E+02 0.67838052E+02 0.68774187E+02 0.69695524E+02 0.70606236E+02 0.71517837E+02 0.72466449E+02 0.73541882E+02 0.74783483E+02 0.76099208E+02 0.77428770E+02 0.78752753E+02 0.80065043E+02 0.81363765E+02 0.82648607E+02 0.83919899E+02 0.85178255E+02 0.86424420E+02 0.87659193E+02 0.88883392E+02 0.90097832E+02 0.91303311E+02 0.92500608E+02 0.93690470E+02 0.94873610E+02 0.96050702E+02 0.97222384E+02 0.98389246E+02 0.99551839E+02
0.42973896E+02 0.44633345E+02 0.46248595E+02 0.47815510E+02 0.49331497E+02 0.50795512E+02 0.52207886E+02 0.53570012E+02 0.54883999E+02 0.56152379E+02 0.57377898E+02 0.58563390E+02 0.59711709E+02 0.60825693E+02 0.61908133E+02 0.62961740E+02 0.63989094E+02 0.64992580E+02 0.65974317E+02 0.66936088E+02 0.67879315E+02 0.68805116E+02 0.69714596E+02 0.70609742E+02 0.71496732E+02 0.72403234E+02 0.73460953E+02 0.74753352E+02 0.76107647E+02 0.77461289E+02 0.78802237E+02 0.80127681E+02 0.81437178E+02 0.82731089E+02 0.84010104E+02 0.85275056E+02 0.86526840E+02 0.87766375E+02 0.88994583E+02 0.90212370E+02 0.91420619E+02 0.92620186E+02 0.93811886E+02 0.94996499E+02 0.96174756E+02 0.97347346E+02 0.98514905E+02 0.99678023E+02
0.43034527E+02 0.44694134E+02 0.46311581E+02 0.47882443E+02 0.49403746E+02 0.50873954E+02 0.52292823E+02 0.53661157E+02 0.54980536E+02 0.56253068E+02 0.57481203E+02 0.58667603E+02 0.59815069E+02 0.60926482E+02 0.62004765E+02 0.63052831E+02 0.64073522E+02 0.65069527E+02 0.66043289E+02 0.66996899E+02 0.67931996E+02 0.68849714E+02 0.69750701E+02 0.70635341E+02 0.71504674E+02 0.72367164E+02 0.73386754E+02 0.74754796E+02 0.76141525E+02 0.77513181E+02 0.78866940E+02 0.80202660E+02 0.81520845E+02 0.82822250E+02 0.84107754E+02 0.85378305E+02 0.86634886E+02 0.87878492E+02 0.89110115E+02 0.90330734E+02 0.91541303E+02 0.92742740E+02 0.93935927E+02 0.95121699E+02 0.96300841E+02 0.97474088E+02 0.98642121E+02 0.99805566E+02
0.43107506E+02 0.44767280E+02 0.46386909E+02 0.47961619E+02 0.49488022E+02 0.50964093E+02 0.52389042E+02 0.53763128E+02 0.55087436E+02 0.56363677E+02 0.57594018E+02 0.58780961E+02 0.59927259E+02 0.61035852E+02 0.62109807E+02 0.63152269E+02 0.64166380E+02 0.65155193E+02 0.66121558E+02 0.67067990E+02 0.67996532E+02 0.68908633E+02 0.69805072E+02 0.70685961E+02 0.71550859E+02 0.72399415E+02 0.73390635E+02 0.74806123E+02 0.76205900E+02 0.77586496E+02 0.78947964E+02 0.80290702E+02 0.81615307E+02 0.82922526E+02 0.84213217E+02 0.85488322E+02 0.86748835E+02 0.87995782E+02 0.89230196E+02 0.90453105E+02 0.91665516E+02 0.92868404E+02 0.94062704E+02 0.95249302E+02 0.96429033E+02 0.97602675E+02 0.98770947E+02 0.99934510E+02
0.43192309E+02 0.44852411E+02 0.46474338E+02 0.48052918E+02 0.49584330E+02 0.51066059E+02 0.52496793E+02 0.53876275E+02 0.55205129E+02 0.56484689E+02 0.57716859E+02 0.58903991E+02 0.60048803E+02 0.61154302E+02 0.62223727E+02 0.63260476E+02 0.64268036E+02 0.65249883E+02 0.66209362E+02 0.67149542E+02 0.68073063E+02 0.68982024E+02 0.69877984E+02 0.70762326E+02 0.71638021E+02 0.72521621E+02 0.73568071E+02 0.74913889E+02 0.76302276E+02 0.77681908E+02 0.79045758E+02 0.80392176E+02 0.81720894E+02 0.83032220E+02 0.84326771E+02 0.85605359E+02 0.86868916E+02 0.88118450E+02 0.89355005E+02 0.90579638E+02 0.91793395E+02 0.92997293E+02 0.94192315E+02 0.95379392E+02 0.96559402E+02 0.97733162E+02 0.98901427E+02 0.10006489E+03
0.43288358E+02 0.44949116E+02 0.46573590E+02 0.48156190E+02 0.49692645E+02 0.51179952E+02 0.52616292E+02 0.54000916E+02 0.55334010E+02 0.56616557E+02 0.57850211E+02 0.59037190E+02 0.60180190E+02 0.61282302E+02 0.62346952E+02 0.63377824E+02 0.64378791E+02 0.65353812E+02 0.66306813E+02 0.67241543E+02 0.68161429E+02 0.69069514E+02 0.69968669E+02 0.70862630E+02 0.71760088E+02 0.72693135E+02 0.73774837E+02 0.75064764E+02 0.76427833E+02 0.77798571E+02 0.79160084E+02 0.80507086E+02 0.81837721E+02 0.83151498E+02 0.84448602E+02 0.85729604E+02 0.86995309E+02 0.88246664E+02 0.89484696E+02 0.90710469E+02 0.91925056E+02 0.93129509E+02 0.94324846E+02 0.95512040E+02 0.96692005E+02 0.97865596E+02 0.99033600E+02 0.10019674E+03
0.43395039E+02 0.45056947E+02 0.46684364E+02 0.48271266E+02 0.49812925E+02 0.51305851E+02 0.52747730E+02 0.54137340E+02 0.55474449E+02 0.56759705E+02 0.57994531E+02 0.59181029E+02 0.60321884E+02 0.61420289E+02 0.62479878E+02 0.63504648E+02 0.64498894E+02 0.65467116E+02 0.66413906E+02 0.67343806E+02 0.68261188E+02 0.69170260E+02 0.70075494E+02 0.70983248E+02 0.71906987E+02 0.72882582E+02 0.73984607E+02 0.75241089E+02 0.76577085E+02 0.77934448E+02 0.79290110E+02 0.80635109E+02 0.81965705E+02 0.83280398E+02 0.84578808E+02 0.85861183E+02 0.87128148E+02 0.88380555E+02 0.89619390E+02 0.90845710E+02 0.92060598E+02 0.93265134E+02 0.94460368E+02 0.95647304E+02 0.96826892E+02 0.98000016E+02 0.99167494E+02 0.10033007E+03
0.43511726E+02 0.45175443E+02 0.46806337E+02 0.48397956E+02 0.49945107E+02 0.51443815E+02 0.52891279E+02 0.54285815E+02 0.55626788E+02 0.56914532E+02 0.58150254E+02 0.59335953E+02 0.60474323E+02 0.61568676E+02 0.62622869E+02 0.63641240E+02 0.64628541E+02 0.65589863E+02 0.66530534E+02 0.67455990E+02 0.68371669E+02 0.69283067E+02 0.70196290E+02 0.71119918E+02 0.72069855E+02 0.73078662E+02 0.74194544E+02 0.75431367E+02 0.76744233E+02 0.78086915E+02 0.79434608E+02 0.80775671E+02 0.82104602E+02 0.83418848E+02 0.84717409E+02 0.86000165E+02 0.87267525E+02 0.88520222E+02 0.89759184E+02 0.90985448E+02 0.92200101E+02 0.93404239E+02 0.94598938E+02 0.95785231E+02 0.96964097E+02 0.98136450E+02 0.99303131E+02 0.10046491E+03
0.43637793E+02 0.45304131E+02 0.46939181E+02 0.48536062E+02 0.50089120E+02 0.51593893E+02 0.53047096E+02 0.54446592E+02 0.55791356E+02 0.57081419E+02 0.58317792E+02 0.59502387E+02 0.60637924E+02 0.61727850E+02 0.62776266E+02 0.63787867E+02 0.64767891E+02 0.65722063E+02 0.66656508E+02 0.67577637E+02 0.68492039E+02 0.69406531E+02 0.70328707E+02 0.71268644E+02 0.72242579E+02 0.73277332E+02 0.74404102E+02 0.75629560E+02 0.76924526E+02 0.78253313E+02 0.79592173E+02 0.80928041E+02 0.82254047E+02 0.83566691E+02 0.84864364E+02 0.86146569E+02 0.87413491E+02 0.88665730E+02 0.89904147E+02 0.91129750E+02 0.92343623E+02 0.93546874E+02 0.94740599E+02 0.95925856E+02 0.97103649E+02 0.98274916E+02 0.99440522E+02 0.10060125E+03
0.43772628E+02 0.45442542E+02 0.47082558E+02 0.48685378E+02 0.50244883E+02 0.51756122E+02 0.53215326E+02 0.54619909E+02 0.55968464E+02 0.57260732E+02 0.58497543E+02 0.59680741E+02 0.60813089E+02 0.61898186E+02 0.62940391E+02 0.63944774E+02 0.64917079E+02 0.65863692E+02 0.66791587E+02 0.67708213E+02 0.68621368E+02 0.69539173E+02 0.70470474E+02 0.71426118E+02 0.72421305E+02 0.73476971E+02 0.74613247E+02 0.75832640E+02 0.77114563E+02 0.78431312E+02 0.79761414E+02 0.81091430E+02 0.82413611E+02 0.83723707E+02 0.85019576E+02 0.86300373E+02 0.87566063E+02 0.88817117E+02 0.90054324E+02 0.91278662E+02 0.92491208E+02 0.93693076E+02 0.94885380E+02 0.96069200E+02 0.97245561E+02 0.98415424E+02 0.99579670E+02 0.10073911E+03
0.43915640E+02 0.45590213E+02 0.47236134E+02 0.48845694E+02 0.50412308E+02 0.51930533E+02 0.53396107E+02 0.54805995E+02 0.56158414E+02 0.57452823E+02 0.58689889E+02 0.59871406E+02 0.61000200E+02 0.62080040E+02 0.63115555E+02 0.64112196E+02 0.65076224E+02 0.66014709E+02 0.66935504E+02 0.67847150E+02 0.68758696E+02 0.69679542E+02 0.70619551E+02 0.71589774E+02 0.72603654E+02 0.73676898E+02 0.74822136E+02 0.76039120E+02 0.77312094E+02 0.78619060E+02 0.79941084E+02 0.81265068E+02 0.82582843E+02 0.83889646E+02 0.85182920E+02 0.86461524E+02 0.87725230E+02 0.88974394E+02 0.90209739E+02 0.91432210E+02 0.92642878E+02 0.93842864E+02 0.95033296E+02 0.96215272E+02 0.97389837E+02 0.98557970E+02 0.99720571E+02 0.10087846E+03
0.44066260E+02 0.45746692E+02 0.47399575E+02 0.49016799E+02 0.50591308E+02 0.52117152E+02 0.53589572E+02 0.55005075E+02 0.56361499E+02 0.57658036E+02 0.58895202E+02 0.60074763E+02 0.61199632E+02 0.62273761E+02 0.63302061E+02 0.64290366E+02 0.65245453E+02 0.66175076E+02 0.67087993E+02 0.67993878E+02 0.68903084E+02 0.69826280E+02 0.70774184E+02 0.71757676E+02 0.72788162E+02 0.73876866E+02 0.75031038E+02 0.76248337E+02 0.77515730E+02 0.78815194E+02 0.80130159E+02 0.81448267E+02 0.82761311E+02 0.84064250E+02 0.85354248E+02 0.86629945E+02 0.87890960E+02 0.89137553E+02 0.90370393E+02 0.91590401E+02 0.92798641E+02 0.93996243E+02 0.95184347E+02 0.96364068E+02 0.97536469E+02 0.98702545E+02 0.99863208E+02 0.10101929E+03
0.44223949E+02 0.45911539E+02 0.47572555E+02 0.49198483E+02 0.50781789E+02 0.52316005E+02 0.53795852E+02 0.55217367E+02 0.56578010E+02 0.57876707E+02 0.59113844E+02 0.60291183E+02 0.61411746E+02 0.62479690E+02 0.63500212E+02 0.64479527E+02 0.65424908E+02 0.66344785E+02 0.67248823E+02 0.68147871E+02 0.69053654E+02 0.69978158E+02 0.70932896E+02 0.71928386E+02 0.72973927E+02 0.74076872E+02 0.75240313E+02 0.76460113E+02 0.77724701E+02 0.79018796E+02 0.80327855E+02 0.81640456E+02 0.82948627E+02 0.84247272E+02 0.85533410E+02 0.86805547E+02 0.88063201E+02 0.89306565E+02 0.90536271E+02 0.91753224E+02 0.92958488E+02 0.94153202E+02 0.95338519E+02 0.96515572E+02 0.97685437E+02 0.98849124E+02 0.10000756E+03 0.10116157E+03
0.44388192E+02 0.46084328E+02 0.47754747E+02 0.49390534E+02 0.50983660E+02 0.52527113E+02 0.54015074E+02 0.55443091E+02 0.56808231E+02 0.58109166E+02 0.59346166E+02 0.60521022E+02 0.61636893E+02 0.62698161E+02 0.63710318E+02 0.64679940E+02 0.65614770E+02 0.66523878E+02 0.67417825E+02 0.68308671E+02 0.69209614E+02 0.70134085E+02 0.71094457E+02 0.72100837E+02 0.73160423E+02 0.74277084E+02 0.75450417E+02 0.76674584E+02 0.77938688E+02 0.79229323E+02 0.80533634E+02 0.81841197E+02 0.83144475E+02 0.84438491E+02 0.85720258E+02 0.86988234E+02 0.88241890E+02 0.89481387E+02 0.90707340E+02 0.91920653E+02 0.93122394E+02 0.94313716E+02 0.95495787E+02 0.96669753E+02 0.97836710E+02 0.98997675E+02 0.10015358E+03 0.10130528E+03
0.44558500E+02 0.46264640E+02 0.47945830E+02 0.49592740E+02 0.51196824E+02 0.52750500E+02 0.54247369E+02 0.55682465E+02 0.57052448E+02 0.58355736E+02 0.59592513E+02 0.60764627E+02 0.61875414E+02 0.62929505E+02 0.63932691E+02 0.64891891E+02 0.65815268E+02 0.66712474E+02 0.67594926E+02 0.68475926E+02 0.69370283E+02 0.70293110E+02 0.71257842E+02 0.72274239E+02 0.73347385E+02 0.74477820E+02 0.75661921E+02 0.76892127E+02 0.78157708E+02 0.79446543E+02 0.80747180E+02 0.82050193E+02 0.83348610E+02 0.84637726E+02 0.85914661E+02 0.87177911E+02 0.88426957E+02 0.89661964E+02 0.90883556E+02 0.92092646E+02 0.93290320E+02 0.94477745E+02 0.95656108E+02 0.96826572E+02 0.97990244E+02 0.99148153E+02 0.10030124E+03 0.10145036E+03
0.44734397E+02 0.46452066E+02 0.48145479E+02 0.49804882E+02 0.51421182E+02 0.52986183E+02 0.54492866E+02 0.55935707E+02 0.57310943E+02 0.58616739E+02 0.59853217E+02 0.61022328E+02 0.62127632E+02 0.63174042E+02 0.64167654E+02 0.65115699E+02 0.66026698E+02 0.66910793E+02 0.67780183E+02 0.68649423E+02 0.69535115E+02 0.70454409E+02 0.71422185E+02 0.72448013E+02 0.73534768E+02 0.74679553E+02 0.75875529E+02 0.77113323E+02 0.78382045E+02 0.79670485E+02 0.80968378E+02 0.82267279E+02 0.83560873E+02 0.84844836E+02 0.86116503E+02 0.87374484E+02 0.88618324E+02 0.89848231E+02 0.91064859E+02 0.92269149E+02 0.93462211E+02 0.94645235E+02 0.95819429E+02 0.96985972E+02 0.98145985E+02 0.99300506E+02 0.10045048E+03 0.10159676E+03
0.44915421E+02 0.46646193E+02 0.48353365E+02 0.50026735E+02 0.51656627E+02 0.53234177E+02 0.54751693E+02 0.56203040E+02 0.57583999E+02 0.58892486E+02 0.60128596E+02 0.61294438E+02 0.62393851E+02 0.63432079E+02 0.64415531E+02 0.65351717E+02 0.66249430E+02 0.67119180E+02 0.67973822E+02 0.68829134E+02 0.69703719E+02 0.70617279E+02 0.71586749E+02 0.72621760E+02 0.73722736E+02 0.74882944E+02 0.76092116E+02 0.77338945E+02 0.78612206E+02 0.79901390E+02 0.81197284E+02 0.82492413E+02 0.83781176E+02 0.85059726E+02 0.86325692E+02 0.87577867E+02 0.88815913E+02 0.90040113E+02 0.91251178E+02 0.92450092E+02 0.93638000E+02 0.94816120E+02 0.95985683E+02 0.97147888E+02 0.98303867E+02 0.99454667E+02 0.10060124E+03 0.10174442E+03
0.45101114E+02 0.46846604E+02 0.48569145E+02 0.50258057E+02 0.51903037E+02 0.53494492E+02 0.55023976E+02 0.56484684E+02 0.57871897E+02 0.59183285E+02 0.60418952E+02 0.61581240E+02 0.62674346E+02 0.63703900E+02 0.64676644E+02 0.65600331E+02 0.66483923E+02 0.67338133E+02 0.68176284E+02 0.69015271E+02 0.69875904E+02 0.70781138E+02 0.71750890E+02 0.72795245E+02 0.73911682E+02 0.75088890E+02 0.76312760E+02 0.77569960E+02 0.78848893E+02 0.80139677E+02 0.81434102E+02 0.82725657E+02 0.84009504E+02 0.85282338E+02 0.86542153E+02 0.87787980E+02 0.89019641E+02 0.90237529E+02 0.91442433E+02 0.92635395E+02 0.93817606E+02 0.94990318E+02 0.96154790E+02 0.97312239E+02 0.98463811E+02 0.99610561E+02 0.10075344E+03 0.10189328E+03
0.45291012E+02 0.47052868E+02 0.48792455E+02 0.50498586E+02 0.52160275E+02 0.53767123E+02 0.55309840E+02 0.56780862E+02 0.58174919E+02 0.59489428E+02 0.60724562E+02 0.61882984E+02 0.62969349E+02 0.63989752E+02 0.64951300E+02 0.65861951E+02 0.66730723E+02 0.67568326E+02 0.68388275E+02 0.69208362E+02 0.70051743E+02 0.70945530E+02 0.71914040E+02 0.72968412E+02 0.74102299E+02 0.75298590E+02 0.76538788E+02 0.77807534E+02 0.79092974E+02 0.80385913E+02 0.81679152E+02 0.82967161E+02 0.84245900E+02 0.85512654E+02 0.86765830E+02 0.88004748E+02 0.89229423E+02 0.90440389E+02 0.91638530E+02 0.92824964E+02 0.94000934E+02 0.95167736E+02 0.96326656E+02 0.97478934E+02 0.98625729E+02 0.99768100E+02 0.10090700E+03 0.10204325E+03
