pykrige/test/test1_answer.asc
NCOLS   100
NROWS   100
XLLCENTER      1.067275000E+06
YLLCENTER      2.414590000E+05
DX      5.000000000E+01
DY      2.500000000E+01
NODATA_VALUE      -9.990000E+02
[rows 44 to 65 of 100, columns 0 to 47 of 100]
0.16151919E+02 0.14576793E+02 0.13090492E+02 0.11781088E+02 0.10752053E+02 0.10074225E+02 0.97329000E+01 0.96386304E+01 0.96860426E+01 0.97919053E+01 0.99005456E+01 0.99768963E+01 0.99991700E+01 0.99538773E+01 0.98329971E+01 0.96332277E+01 0.93617923E+01 0.91804907E+01 0.10059797E+02 0.11120262E+02 0.12117129E+02 0.13041959E+02 0.13898125E+02 0.14691867E+02 0.15431170E+02 0.16125718E+02 0.16787130E+02 0.17429289E+02 0.18068653E+02 0.18724304E+02 0.19417433E+02 0.20169852E+02 0.21001438E+02 0.21927115E+02 0.22954737E+02 0.24085044E+02 0.25313602E+02 0.26633424E+02 0.28036991E+02 0.29517196E+02 0.31067440E+02 0.32681305E+02 0.34352162E+02 0.36072866E+02 0.37835596E+02 0.39631798E+02 0.41452203E+02 0.43286868E+02
0.16586131E+02 0.15087854E+02 0.13685213E+02 0.12452289E+02 0.11468004E+02 0.10782329E+02 0.10384559E+02 0.10209536E+02 0.10174044E+02 0.10205667E+02 0.10251470E+02 0.10275571E+02 0.10254281E+02 0.10172009E+02 0.10018495E+02 0.97871632E+01 0.94751382E+01 0.91417846E+01 0.10133615E+02 0.11202394E+02 0.12193171E+02 0.13108539E+02 0.13953797E+02 0.14735557E+02 0.15461761E+02 0.16141942E+02 0.16787625E+02 0.17412812E+02 0.18034487E+02 0.18672891E+02 0.19351160E+02 0.20093706E+02 0.20923018E+02 0.21855562E+02 0.22898796E+02 0.24051217E+02 0.25305266E+02 0.26651048E+02 0.28078984E+02 0.29580882E+02 0.31149883E+02 0.32779902E+02 0.34465004E+02 0.36198898E+02 0.37974612E+02 0.39784325E+02 0.41619311E+02 0.43469945E+02
0.17048022E+02 0.15621640E+02 0.14293426E+02 0.13125106E+02 0.12177540E+02 0.11486993E+02 0.11045355E+02 0.10803915E+02 0.10696602E+02 0.10661389E+02 0.10649524E+02 0.10625963E+02 0.10566660E+02 0.10455795E+02 0.10284226E+02 0.10050966E+02 0.97795570E+01 0.96913454E+01 0.10415818E+02 0.11395685E+02 0.12345362E+02 0.13233309E+02 0.14056616E+02 0.14818768E+02 0.15526099E+02 0.16187147E+02 0.16812800E+02 0.17416785E+02 0.18016322E+02 0.18632678E+02 0.19291076E+02 0.20019052E+02 0.20842484E+02 0.21779977E+02 0.22838554E+02 0.24013816E+02 0.25294313E+02 0.26666764E+02 0.28119401E+02 0.29643037E+02 0.31230713E+02 0.32876831E+02 0.34576254E+02 0.36323607E+02 0.38112796E+02 0.39936735E+02 0.41787230E+02 0.43654970E+02
0.17531900E+02 0.16172176E+02 0.14910204E+02 0.13797250E+02 0.12880821E+02 0.12187884E+02 0.11712117E+02 0.11416299E+02 0.11247608E+02 0.11153412E+02 0.11089856E+02 0.11023948E+02 0.10932607E+02 0.10801362E+02 0.10624682E+02 0.10411904E+02 0.10216621E+02 0.10256302E+02 0.10832292E+02 0.11686388E+02 0.12569261E+02 0.13414437E+02 0.14205824E+02 0.14941332E+02 0.15624423E+02 0.16261898E+02 0.16863489E+02 0.17442234E+02 0.18015242E+02 0.18604599E+02 0.19237720E+02 0.19945889E+02 0.20759460E+02 0.21700066E+02 0.22774223E+02 0.23973674E+02 0.25282022E+02 0.26682025E+02 0.28159642E+02 0.29704859E+02 0.31310852E+02 0.32972705E+02 0.34686225E+02 0.36447035E+02 0.38249959E+02 0.40088655E+02 0.41955456E+02 0.43841345E+02
0.18033031E+02 0.16734832E+02 0.15532038E+02 0.14467253E+02 0.13578018E+02 0.12884829E+02 0.12382668E+02 0.12042582E+02 0.11822051E+02 0.11676679E+02 0.11567731E+02 0.11465069E+02 0.11347539E+02 0.11203059E+02 0.11030709E+02 0.10849441E+02 0.10726369E+02 0.10829914E+02 0.11315788E+02 0.12052298E+02 0.12856422E+02 0.13648121E+02 0.14399599E+02 0.15102472E+02 0.15756631E+02 0.16366597E+02 0.16940515E+02 0.17490315E+02 0.18032596E+02 0.18589934E+02 0.19191946E+02 0.19874392E+02 0.20673600E+02 0.21615583E+02 0.22706242E+02 0.23932005E+02 0.25270079E+02 0.26698624E+02 0.28201351E+02 0.29767707E+02 0.31391316E+02 0.33068191E+02 0.34795254E+02 0.36569230E+02 0.38385909E+02 0.40239704E+02 0.42123462E+02 0.44028443E+02
0.18547508E+02 0.17306021E+02 0.16156393E+02 0.15134135E+02 0.14269281E+02 0.13577721E+02 0.13055438E+02 0.12679599E+02 0.12415772E+02 0.12226671E+02 0.12078584E+02 0.11944665E+02 0.11806271E+02 0.11654143E+02 0.11491621E+02 0.11343609E+02 0.11276407E+02 0.11411181E+02 0.11834626E+02 0.12472718E+02 0.13196827E+02 0.13929317E+02 0.14635315E+02 0.15300908E+02 0.15922315E+02 0.16501505E+02 0.17044702E+02 0.17562344E+02 0.18070052E+02 0.18590418E+02 0.19155076E+02 0.19805009E+02 0.20584599E+02 0.21526354E+02 0.22635385E+02 0.23890542E+02 0.25260683E+02 0.26718755E+02 0.28246443E+02 0.29833105E+02 0.31473212E+02 0.33163999E+02 0.34903693E+02 0.36690237E+02 0.38520442E+02 0.40389483E+02 0.42290699E+02 0.44215599E+02
0.19072122E+02 0.17882947E+02 0.16781403E+02 0.15797225E+02 0.14954727E+02 0.14266467E+02 0.13729232E+02 0.13324837E+02 0.13025273E+02 0.12799341E+02 0.12618062E+02 0.12458029E+02 0.12303342E+02 0.12147499E+02 0.11996987E+02 0.11878740E+02 0.11851087E+02 0.11999412E+02 0.12374926E+02 0.12932246E+02 0.13580852E+02 0.14252514E+02 0.14909860E+02 0.15534991E+02 0.16120828E+02 0.16666761E+02 0.17176889E+02 0.17659817E+02 0.18129672E+02 0.18608390E+02 0.19129101E+02 0.19738619E+02 0.20492214E+02 0.21432309E+02 0.22562927E+02 0.23851744E+02 0.25256685E+02 0.26745068E+02 0.28297109E+02 0.29902728E+02 0.31557720E+02 0.33260863E+02 0.35011890E+02 0.36810084E+02 0.38653330E+02 0.40537565E+02 0.42456587E+02 0.44402109E+02
0.19604237E+02 0.18463417E+02 0.17405673E+02 0.16456038E+02 0.15634432E+02 0.14950962E+02 0.14403093E+02 0.13976243E+02 0.13647568E+02 0.13391054E+02 0.13182060E+02 0.13000543E+02 0.12833307E+02 0.12676227E+02 0.12537626E+02 0.12443582E+02 0.12442337E+02 0.12593967E+02 0.12929999E+02 0.13420400E+02 0.14000275E+02 0.14612338E+02 0.15219936E+02 0.15802848E+02 0.16351341E+02 0.16862399E+02 0.17337924E+02 0.17784409E+02 0.18213953E+02 0.18646949E+02 0.19116987E+02 0.19676810E+02 0.20396309E+02 0.21333551E+02 0.22490947E+02 0.23819088E+02 0.25261729E+02 0.26780704E+02 0.28355814E+02 0.29978387E+02 0.31646078E+02 0.33359528E+02 0.35120179E+02 0.36928772E+02 0.38784316E+02 0.40683499E+02 0.42620519E+02 0.44587230E+02
0.20141685E+02 0.19045696E+02 0.18028136E+02 0.17110213E+02 0.16308430E+02 0.15631081E+02 0.15076209E+02 0.14632091E+02 0.14280071E+02 0.13998542E+02 0.13766750E+02 0.13567797E+02 0.13390970E+02 0.13234001E+02 0.13105906E+02 0.13030238E+02 0.13045522E+02 0.13194222E+02 0.13496203E+02 0.13930198E+02 0.14448501E+02 0.15003909E+02 0.15562287E+02 0.16102501E+02 0.16612900E+02 0.17088363E+02 0.17528646E+02 0.17937954E+02 0.18325850E+02 0.18710129E+02 0.19123107E+02 0.19622383E+02 0.20296945E+02 0.21230498E+02 0.22422849E+02 0.23797463E+02 0.25280388E+02 0.26829301E+02 0.28425254E+02 0.30061987E+02 0.31739546E+02 0.33460725E+02 0.35228858E+02 0.37046260E+02 0.38913104E+02 0.40826797E+02 0.42781859E+02 0.44770188E+02
0.20682677E+02 0.19628397E+02 0.18647964E+02 0.17759459E+02 0.16976718E+02 0.16306671E+02 0.15747871E+02 0.15290895E+02 0.14920517E+02 0.14618863E+02 0.14368606E+02 0.14155680E+02 0.13971538E+02 0.13815244E+02 0.13695661E+02 0.13633102E+02 0.13657686E+02 0.13799564E+02 0.14071306E+02 0.14456932E+02 0.14920399E+02 0.15422989E+02 0.15933850E+02 0.16431965E+02 0.16904462E+02 0.17344500E+02 0.17749846E+02 0.18122369E+02 0.18468717E+02 0.18802997E+02 0.19153801E+02 0.19580289E+02 0.20194598E+02 0.21124209E+02 0.22364300E+02 0.23793667E+02 0.25318245E+02 0.26894929E+02 0.28508284E+02 0.30155476E+02 0.31839373E+02 0.33565147E+02 0.35338178E+02 0.37162454E+02 0.39039352E+02 0.40966947E+02 0.42939956E+02 0.44950188E+02
0.21225729E+02 0.20210399E+02 0.19264493E+02 0.18403537E+02 0.17639255E+02 0.16977552E+02 0.16417434E+02 0.15951350E+02 0.15566903E+02 0.15249376E+02 0.14984411E+02 0.14760430E+02 0.14570696E+02 0.14415149E+02 0.14301966E+02 0.14248097E+02 0.14276755E+02 0.14409385E+02 0.14653790E+02 0.14997326E+02 0.15412016E+02 0.15865992E+02 0.16331828E+02 0.16789304E+02 0.17224923E+02 0.17630542E+02 0.18002197E+02 0.18339537E+02 0.18646146E+02 0.18931610E+02 0.19217989E+02 0.19559398E+02 0.20090724E+02 0.21017233E+02 0.22324916E+02 0.23816890E+02 0.25381805E+02 0.26981928E+02 0.28607797E+02 0.30260767E+02 0.31946756E+02 0.33673429E+02 0.35448320E+02 0.37277197E+02 0.39162673E+02 0.41103410E+02 0.43094154E+02 0.45126437E+02
0.21769606E+02 0.20790788E+02 0.19877189E+02 0.19042234E+02 0.18295971E+02 0.17643526E+02 0.17084304E+02 0.16612299E+02 0.16217455E+02 0.15887713E+02 0.15611265E+02 0.15378660E+02 0.15184635E+02 0.15029642E+02 0.14920884E+02 0.14872164E+02 0.14901162E+02 0.15023088E+02 0.15242521E+02 0.15549014E+02 0.15920288E+02 0.16329909E+02 0.16753709E+02 0.17172658E+02 0.17573124E+02 0.17946078E+02 0.18286175E+02 0.18591133E+02 0.18861678E+02 0.19102655E+02 0.19327467E+02 0.19575684E+02 0.19989644E+02 0.20916250E+02 0.22321010E+02 0.23878846E+02 0.25478135E+02 0.27094629E+02 0.28726563E+02 0.30379654E+02 0.32062795E+02 0.33786117E+02 0.35559386E+02 0.37390260E+02 0.39282628E+02 0.41235634E+02 0.43243815E+02 0.45298168E+02
0.22313269E+02 0.21368806E+02 0.20485606E+02 0.19675359E+02 0.18946773E+02 0.18304374E+02 0.17747926E+02 0.17272702E+02 0.16870588E+02 0.16531761E+02 0.16246571E+02 0.16007360E+02 0.15810034E+02 0.15655290E+02 0.15549254E+02 0.15502933E+02 0.15529649E+02 0.15640085E+02 0.15836584E+02 0.16110210E+02 0.16442800E+02 0.16812219E+02 0.17197248E+02 0.17580251E+02 0.17947844E+02 0.18290518E+02 0.18601959E+02 0.18878421E+02 0.19118369E+02 0.19322639E+02 0.19496102E+02 0.19656548E+02 0.19906788E+02 0.20842415E+02 0.22378694E+02 0.23992860E+02 0.25614102E+02 0.27236963E+02 0.28867044E+02 0.30513734E+02 0.32188462E+02 0.33903661E+02 0.35671386E+02 0.37501333E+02 0.39398732E+02 0.41363068E+02 0.43388349E+02 0.45464682E+02
0.22855846E+02 0.21943821E+02 0.21089367E+02 0.20302733E+02 0.19591544E+02 0.18959867E+02 0.18407780E+02 0.17931622E+02 0.17524893E+02 0.17179639E+02 0.16888027E+02 0.16643884E+02 0.16444025E+02 0.16289215E+02 0.16184506E+02 0.16138520E+02 0.16161162E+02 0.16259798E+02 0.16435196E+02 0.16679506E+02 0.16977610E+02 0.17310786E+02 0.17660428E+02 0.18010379E+02 0.18347791E+02 0.18663055E+02 0.18949339E+02 0.19202038E+02 0.19418298E+02 0.19596656E+02 0.19736879E+02 0.19840423E+02 0.19919608E+02 0.20877475E+02 0.22531924E+02 0.24171171E+02 0.25795270E+02 0.27412022E+02 0.29031209E+02 0.30664328E+02 0.32324575E+02 0.34026411E+02 0.35784240E+02 0.37610023E+02 0.39510457E+02 0.41485187E+02 0.43527255E+02 0.45625401E+02
0.23396592E+02 0.22515302E+02 0.21688148E+02 0.20924185E+02 0.20230156E+02 0.19609769E+02 0.19063380E+02 0.18588213E+02 0.18179113E+02 0.17829683E+02 0.17533603E+02 0.17285919E+02 0.17084147E+02 0.16929001E+02 0.16824539E+02 0.16777386E+02 0.16794788E+02 0.16881660E+02 0.17037655E+02 0.17255740E+02 0.17523105E+02 0.17823771E+02 0.18141421E+02 0.18461389E+02 0.18771583E+02 0.19062636E+02 0.19327652E+02 0.19561830E+02 0.19762123E+02 0.19927060E+02 0.20057057E+02 0.20157090E+02 0.20270479E+02 0.21202152E+02 0.22805612E+02 0.24420828E+02 0.26024752E+02 0.27621667E+02 0.29220398E+02 0.30832444E+02 0.32471804E+02 0.34154626E+02 0.35897781E+02 0.37715858E+02 0.39617245E+02 0.41601525E+02 0.43660171E+02 0.45779928E+02
0.23934874E+02 0.23082791E+02 0.22281668E+02 0.21539553E+02 0.20862470E+02 0.20253844E+02 0.19714270E+02 0.19241713E+02 0.18832131E+02 0.18480423E+02 0.18181520E+02 0.17931462E+02 0.17728295E+02 0.17572620E+02 0.17467608E+02 0.17418247E+02 0.17429717E+02 0.17505116E+02 0.17643310E+02 0.17837912E+02 0.18077911E+02 0.18349560E+02 0.18638545E+02 0.18931665E+02 0.19217745E+02 0.19487952E+02 0.19735747E+02 0.19956767E+02 0.20148850E+02 0.20312675E+02 0.20454490E+02 0.20598718E+02 0.20868718E+02 0.21754629E+02 0.23193849E+02 0.24740697E+02 0.26302532E+02 0.27866331E+02 0.29435261E+02 0.31018781E+02 0.32630706E+02 0.34288521E+02 0.36011781E+02 0.37818284E+02 0.39718517E+02 0.41711718E+02 0.43786948E+02 0.45928123E+02
0.24470144E+02 0.23645899E+02 0.22869675E+02 0.22148681E+02 0.21488342E+02 0.20891859E+02 0.20360029E+02 0.19891434E+02 0.19482957E+02 0.19130568E+02 0.18830228E+02 0.18578781E+02 0.18374673E+02 0.18218363E+02 0.18112255E+02 0.18060012E+02 0.18065217E+02 0.18129620E+02 0.18251542E+02 0.18425133E+02 0.18640819E+02 0.18886700E+02 0.19150225E+02 0.19419607E+02 0.19684702E+02 0.19937441E+02 0.20171999E+02 0.20384967E+02 0.20575891E+02 0.20748981E+02 0.20918551E+02 0.21128212E+02 0.21518724E+02 0.22373735E+02 0.23666010E+02 0.25122198E+02 0.26625626E+02 0.28145076E+02 0.29675799E+02 0.31223779E+02 0.32801789E+02 0.34428332E+02 0.36125988E+02 0.37916682E+02 0.39813701E+02 0.41815570E+02 0.43907733E+02 0.46070197E+02
0.25001934E+02 0.24204285E+02 0.23451950E+02 0.22751420E+02 0.22107627E+02 0.21523585E+02 0.21000266E+02 0.20536760E+02 0.20130717E+02 0.19778988E+02 0.19478380E+02 0.19226384E+02 0.19021748E+02 0.18864783E+02 0.18757246E+02 0.18701740E+02 0.18700620E+02 0.18754639E+02 0.18861754E+02 0.19016583E+02 0.19210736E+02 0.19433860E+02 0.19674970E+02 0.19923627E+02 0.20170787E+02 0.20409318E+02 0.20634366E+02 0.20843827E+02 0.21039394E+02 0.21229181E+02 0.21434715E+02 0.21709740E+02 0.22178475E+02 0.23009677E+02 0.24190444E+02 0.25553068E+02 0.26988983E+02 0.28455882E+02 0.29941500E+02 0.31447723E+02 0.32985634E+02 0.34574435E+02 0.36240203E+02 0.38010379E+02 0.39902262E+02 0.41913147E+02 0.44023095E+02 0.46206809E+02
0.25529832E+02 0.24757654E+02 0.24028291E+02 0.23347629E+02 0.22720182E+02 0.22148807E+02 0.21634622E+02 0.21177140E+02 0.20774639E+02 0.20424697E+02 0.20124810E+02 0.19872989E+02 0.19668214E+02 0.19510653E+02 0.19401530E+02 0.19342609E+02 0.19335307E+02 0.19379648E+02 0.19473365E+02 0.19611498E+02 0.19786650E+02 0.19989798E+02 0.20211346E+02 0.20442139E+02 0.20674259E+02 0.20901617E+02 0.21120483E+02 0.21330225E+02 0.21534732E+02 0.21745557E+02 0.21988928E+02 0.22320031E+02 0.22838401E+02 0.23649015E+02 0.24745267E+02 0.26021135E+02 0.27386667E+02 0.28796079E+02 0.30231528E+02 0.31690872E+02 0.33183037E+02 0.34727517E+02 0.36354386E+02 0.38098667E+02 0.39983748E+02 0.42004921E+02 0.44134172E+02 0.46339180E+02
0.26053483E+02 0.25305745E+02 0.24598521E+02 0.23937175E+02 0.23325866E+02 0.22767321E+02 0.22262773E+02 0.21812083E+02 0.21414046E+02 0.21066835E+02 0.20768510E+02 0.20517497E+02 0.20312956E+02 0.20154925E+02 0.20044202E+02 0.19981891E+02 0.19968702E+02 0.20004135E+02 0.20085804E+02 0.20209142E+02 0.20367611E+02 0.20553336E+02 0.20757970E+02 0.20973565E+02 0.21193322E+02 0.21412241E+02 0.21627773E+02 0.21840742E+02 0.22056996E+02 0.22290580E+02 0.22569705E+02 0.22945706E+02 0.23495454E+02 0.24287231E+02 0.25317384E+02 0.26516309E+02 0.27812848E+02 0.29162772E+02 0.30544924E+02 0.31953607E+02 0.33395195E+02 0.34888830E+02 0.36468862E+02 0.38180838E+02 0.40057877E+02 0.42091998E+02 0.44242879E+02 0.46469190E+02
0.26572574E+02 0.25848331E+02 0.25162479E+02 0.24519933E+02 0.23924547E+02 0.23378936E+02 0.22884423E+02 0.22441154E+02 0.22048346E+02 0.21704659E+02 0.21408611E+02 0.21158966E+02 0.20955018E+02 0.20796704E+02 0.20684477E+02 0.20618936E+02 0.20600265E+02 0.20627598E+02 0.20698510E+02 0.20808810E+02 0.20952711E+02 0.21123349E+02 0.21313499E+02 0.21516339E+02 0.21726157E+02 0.21939029E+02 0.22153554E+02 0.22371880E+02 0.22601387E+02 0.22857552E+02 0.23168413E+02 0.23579143E+02 0.24148461E+02 0.24922566E+02 0.25899241E+02 0.27031004E+02 0.28262386E+02 0.29553176E+02 0.30880782E+02 0.32236548E+02 0.33623904E+02 0.35060543E+02 0.36584661E+02 0.38256224E+02 0.40124692E+02 0.42176499E+02 0.44352161E+02 0.46599474E+02
0.27086832E+02 0.26385209E+02 0.25720019E+02 0.25095786E+02 0.24516102E+02 0.23983477E+02 0.23499308E+02 0.23063968E+02 0.22677022E+02 0.22337525E+02 0.22044369E+02 0.21796586E+02 0.21593585E+02 0.21435217E+02 0.21321670E+02 0.21253162E+02 0.21229490E+02 0.21249546E+02 0.21310933E+02 0.21409815E+02 0.21541077E+02 0.21698752E+02 0.21876628E+02 0.22068921E+02 0.22270948E+02 0.22479806E+02 0.22695147E+02 0.22920225E+02 0.23163470E+02 0.23440842E+02 0.23778798E+02 0.24215864E+02 0.24796928E+02 0.25554295E+02 0.26486449E+02 0.27559798E+02 0.28731056E+02 0.29964814E+02 0.31238343E+02 0.32540615E+02 0.33871715E+02 0.35246233E+02 0.36704175E+02 0.38324290E+02 0.40184893E+02 0.42262203E+02 0.44466286E+02 0.46733438E+02
