pykrige/test/test1_answer.asc
NCOLS   100
NROWS   100
XLLCENTER      1.067275000E+06
YLLCENTER      2.414590000E+05
DX      5.000000000E+01
DY      2.500000000E+01
NODATA_VALUE      -9.990000E+02
[rows 0 to 21 of 100, columns 48 to 95 of 100]
0.46167852E+02 0.47238998E+02 0.48314870E+02 0.49391603E+02 0.50466721E+02 0.51539139E+02 0.52608627E+02 0.53675267E+02 0.54739211E+02 0.55800631E+02 0.56859734E+02 0.57916768E+02 0.58972008E+02 0.60025712E+02 0.61078063E+02 0.62129060E+02 0.63178360E+02 0.64225004E+02 0.65266936E+02 0.66300076E+02 0.67316415E+02 0.68299872E+02 0.69217118E+02 0.70000401E+02 0.70540543E+02 0.70763964E+02 0.70730829E+02 0.70552622E+02 0.70302673E+02 0.70017680E+02 0.69715572E+02 0.69405545E+02 0.69092610E+02 0.68779645E+02 0.68468371E+02 0.68159844E+02 0.67854710E+02 0.67553357E+02 0.67255998E+02 0.66962729E+02 0.66673565E+02 0.66388467E+02 0.66107361E+02 0.65830149E+02 0.65556728E+02 0.65286989E+02 0.65020829E+02 0.64758154E+02
0.45976144E+02 0.47075074E+02 0.48177425E+02 0.49278932E+02 0.50377074E+02 0.51471107E+02 0.52561208E+02 0.53647732E+02 0.54730988E+02 0.55811264E+02 0.56888878E+02 0.57964209E+02 0.59037695E+02 0.60109802E+02 0.61180980E+02 0.62251586E+02 0.63321769E+02 0.64391277E+02 0.65459114E+02 0.66522848E+02 0.67577111E+02 0.68609945E+02 0.69593068E+02 0.70455895E+02 0.71047419E+02 0.71240219E+02 0.71139903E+02 0.70905928E+02 0.70617064E+02 0.70305120E+02 0.69983732E+02 0.69659348E+02 0.69335293E+02 0.69013398E+02 0.68694717E+02 0.68379866E+02 0.68069193E+02 0.67762877E+02 0.67460979E+02 0.67163484E+02 0.66870321E+02 0.66581386E+02 0.66296552E+02 0.66015685E+02 0.65738646E+02 0.65465305E+02 0.65195539E+02 0.64929240E+02
0.45783447E+02 0.46910844E+02 0.48040199E+02 0.49166677E+02 0.50287698E+02 0.51403044E+02 0.52513426E+02 0.53619480E+02 0.54721642E+02 0.55820282E+02 0.56915805E+02 0.58008700E+02 0.59099543E+02 0.60188977E+02 0.61277678E+02 0.62366306E+02 0.63455425E+02 0.64545392E+02 0.65636149E+02 0.66726802E+02 0.67814675E+02 0.68892778E+02 0.69941823E+02 0.70900277E+02 0.71569012E+02 0.71709054E+02 0.71522771E+02 0.71231966E+02 0.70908179E+02 0.70573682E+02 0.70236785E+02 0.69901094E+02 0.69568357E+02 0.69239490E+02 0.68914988E+02 0.68595110E+02 0.68279971E+02 0.67969586E+02 0.67663902E+02 0.67362816E+02 0.67066194E+02 0.66773880E+02 0.66485710E+02 0.66201518E+02 0.65921143E+02 0.65644436E+02 0.65371261E+02 0.65101502E+02
0.45590141E+02 0.46746704E+02 0.47903646E+02 0.49055267E+02 0.50198891E+02 0.51335154E+02 0.52465450E+02 0.53590665E+02 0.54711308E+02 0.55827793E+02 0.56940588E+02 0.58050267E+02 0.59157516E+02 0.60263120E+02 0.61367932E+02 0.62472840E+02 0.63578724E+02 0.64686396E+02 0.65796507E+02 0.66909374E+02 0.68024574E+02 0.69139793E+02 0.70246685E+02 0.71309436E+02 0.72105434E+02 0.72147259E+02 0.71861470E+02 0.71521461E+02 0.71171156E+02 0.70820640E+02 0.70473101E+02 0.70129755E+02 0.69791128E+02 0.69457464E+02 0.69128866E+02 0.68805355E+02 0.68486889E+02 0.68173379E+02 0.67864697E+02 0.67560683E+02 0.67261163E+02 0.66965946E+02 0.66674844E+02 0.66387669E+02 0.66104247E+02 0.65824416E+02 0.65548034E+02 0.65274982E+02
0.45396613E+02 0.46583031E+02 0.47768239E+02 0.48945157E+02 0.50110921E+02 0.51267611E+02 0.52417446E+02 0.53561458E+02 0.54700151E+02 0.55833945E+02 0.56963345E+02 0.58088989E+02 0.59211646E+02 0.60332201E+02 0.61451628E+02 0.62570963E+02 0.63691274E+02 0.64813634E+02 0.65939093E+02 0.67068650E+02 0.68203195E+02 0.69343364E+02 0.70488925E+02 0.71634670E+02 0.72654978E+02 0.72501883E+02 0.72134954E+02 0.71766011E+02 0.71402094E+02 0.71043948E+02 0.70691509E+02 0.70344618E+02 0.70003150E+02 0.69667019E+02 0.69336151E+02 0.69010466E+02 0.68689860E+02 0.68374202E+02 0.68063335E+02 0.67757078E+02 0.67455235E+02 0.67157604E+02 0.66863982E+02 0.66574174E+02 0.66287998E+02 0.66005291E+02 0.65725908E+02 0.65449730E+02
0.45203245E+02 0.46420133E+02 0.47634445E+02 0.48836814E+02 0.50023966E+02 0.51200544E+02 0.52369583E+02 0.53532056E+02 0.54688374E+02 0.55838929E+02 0.56984247E+02 0.58125008E+02 0.59262037E+02 0.60396282E+02 0.61528777E+02 0.62660616E+02 0.63792919E+02 0.64926803E+02 0.66063356E+02 0.67203608E+02 0.68348502E+02 0.69498804E+02 0.70654743E+02 0.71813431E+02 0.72875802E+02 0.72695011E+02 0.72327148E+02 0.71960397E+02 0.71598789E+02 0.71242522E+02 0.70891419E+02 0.70545338E+02 0.70204214E+02 0.69868027E+02 0.69536765E+02 0.69210399E+02 0.68888863E+02 0.68572054E+02 0.68259831E+02 0.67952025E+02 0.67648446E+02 0.67348895E+02 0.67053173E+02 0.66761086E+02 0.66472455E+02 0.66187120E+02 0.65904942E+02 0.65625807E+02
0.45010418E+02 0.46258171E+02 0.47502621E+02 0.48730660E+02 0.49938011E+02 0.51134020E+02 0.52322040E+02 0.53502689E+02 0.54676218E+02 0.55842982E+02 0.57003513E+02 0.58158524E+02 0.59308870E+02 0.60455522E+02 0.61599516E+02 0.62741916E+02 0.63883757E+02 0.65025984E+02 0.66169354E+02 0.67314279E+02 0.68460467E+02 0.69605930E+02 0.70743348E+02 0.71840617E+02 0.72677368E+02 0.72719848E+02 0.72437130E+02 0.72104436E+02 0.71761236E+02 0.71416408E+02 0.71072893E+02 0.70731979E+02 0.70394378E+02 0.70060540E+02 0.69730758E+02 0.69405204E+02 0.69083951E+02 0.68766989E+02 0.68454242E+02 0.68145584E+02 0.67840858E+02 0.67539886E+02 0.67242484E+02 0.66948473E+02 0.66657686E+02 0.66369972E+02 0.66085205E+02 0.65803281E+02
0.44818548E+02 0.46097086E+02 0.47372642E+02 0.48626804E+02 0.49852702E+02 0.51068077E+02 0.52275035E+02 0.53473632E+02 0.54663973E+02 0.55846385E+02 0.57021418E+02 0.58189801E+02 0.59352402E+02 0.60510176E+02 0.61664111E+02 0.62815157E+02 0.63964141E+02 0.65111638E+02 0.66257758E+02 0.67401748E+02 0.68541094E+02 0.69669155E+02 0.70767572E+02 0.71776593E+02 0.72491436E+02 0.72652548E+02 0.72479919E+02 0.72203107E+02 0.71891659E+02 0.71566797E+02 0.71236644E+02 0.70905004E+02 0.70573962E+02 0.70244793E+02 0.69918309E+02 0.69595025E+02 0.69275244E+02 0.68959114E+02 0.68646666E+02 0.68337850E+02 0.68032562E+02 0.67730664E+02 0.67432003E+02 0.67136423E+02 0.66843776E+02 0.66553931E+02 0.66266779E+02 0.65982232E+02
0.44628165E+02 0.45936697E+02 0.47242435E+02 0.48523144E+02 0.49767387E+02 0.51002819E+02 0.52228857E+02 0.53445221E+02 0.54651977E+02 0.55849473E+02 0.57038286E+02 0.58219161E+02 0.59392960E+02 0.60560593E+02 0.61722950E+02 0.62880801E+02 0.64034661E+02 0.65184580E+02 0.66329789E+02 0.67468016E+02 0.68594026E+02 0.69696068E+02 0.70746236E+02 0.71673652E+02 0.72321001E+02 0.72550956E+02 0.72476816E+02 0.72264845E+02 0.71994057E+02 0.71695863E+02 0.71383976E+02 0.71065250E+02 0.70743536E+02 0.70421189E+02 0.70099718E+02 0.69780096E+02 0.69462934E+02 0.69148591E+02 0.68837245E+02 0.68528951E+02 0.68223678E+02 0.67921344E+02 0.67621838E+02 0.67325037E+02 0.67030824E+02 0.66739093E+02 0.66449754E+02 0.66162746E+02
0.44440029E+02 0.45777222E+02 0.47108100E+02 0.48412443E+02 0.49681805E+02 0.50938564E+02 0.52183907E+02 0.53417860E+02 0.54640624E+02 0.55852628E+02 0.57054494E+02 0.58246986E+02 0.59430942E+02 0.60607207E+02 0.61776535E+02 0.62939461E+02 0.64096116E+02 0.65245926E+02 0.66387113E+02 0.67515757E+02 0.68623901E+02 0.69695421E+02 0.70696709E+02 0.71558476E+02 0.72166284E+02 0.72441127E+02 0.72446662E+02 0.72299213E+02 0.72073477E+02 0.71806492E+02 0.71516662E+02 0.71213870E+02 0.70903882E+02 0.70590286E+02 0.70275397E+02 0.69960733E+02 0.69647273E+02 0.69335631E+02 0.69026163E+02 0.68719049E+02 0.68414353E+02 0.68112060E+02 0.67812115E+02 0.67514437E+02 0.67218945E+02 0.66925564E+02 0.66634235E+02 0.66344921E+02
0.44255198E+02 0.45619803E+02 0.46972976E+02 0.48300186E+02 0.49596949E+02 0.50875944E+02 0.52140715E+02 0.53392028E+02 0.54630361E+02 0.55856279E+02 0.57070469E+02 0.58273710E+02 0.59466811E+02 0.60650532E+02 0.61825465E+02 0.62991879E+02 0.64149477E+02 0.65297021E+02 0.66431704E+02 0.67548025E+02 0.68635692E+02 0.69675546E+02 0.70632070E+02 0.71443536E+02 0.72027274E+02 0.72334336E+02 0.72403106E+02 0.72315155E+02 0.72135283E+02 0.71901968E+02 0.71636793E+02 0.71352252E+02 0.71055959E+02 0.70752766E+02 0.70445853E+02 0.70137326E+02 0.69828573E+02 0.69520491E+02 0.69213637E+02 0.68908336E+02 0.68604758E+02 0.68302971E+02 0.68002979E+02 0.67704757E+02 0.67408264E+02 0.67113464E+02 0.66820333E+02 0.66528863E+02
0.44074988E+02 0.45466236E+02 0.46841932E+02 0.48192300E+02 0.49514623E+02 0.50815854E+02 0.52099927E+02 0.53368269E+02 0.54621685E+02 0.55860901E+02 0.57086679E+02 0.58299816E+02 0.59501084E+02 0.60691146E+02 0.61870421E+02 0.63038897E+02 0.64195842E+02 0.65339365E+02 0.66465700E+02 0.67567989E+02 0.68634195E+02 0.69643550E+02 0.70561323E+02 0.71334935E+02 0.71903910E+02 0.72235880E+02 0.72355267E+02 0.72320177E+02 0.72184607E+02 0.71985678E+02 0.71746629E+02 0.71481938E+02 0.71200848E+02 0.70909414E+02 0.70611671E+02 0.70310328E+02 0.70007196E+02 0.69703470E+02 0.69399922E+02 0.69097034E+02 0.68795093E+02 0.68494254E+02 0.68194596E+02 0.67896149E+02 0.67598924E+02 0.67302927E+02 0.67008172E+02 0.66714689E+02
0.43900855E+02 0.45318330E+02 0.46717063E+02 0.48090399E+02 0.49436492E+02 0.50759298E+02 0.52062265E+02 0.53347181E+02 0.54615133E+02 0.55867004E+02 0.57103632E+02 0.58325828E+02 0.59534325E+02 0.60729685E+02 0.61912152E+02 0.63081434E+02 0.64236390E+02 0.65374534E+02 0.66491278E+02 0.67578718E+02 0.68623719E+02 0.69605102E+02 0.70490461E+02 0.71235862E+02 0.71796107E+02 0.72148482E+02 0.72309110E+02 0.72320208E+02 0.72226031E+02 0.72060892E+02 0.71848458E+02 0.71604542E+02 0.71339707E+02 0.71061080E+02 0.70773495E+02 0.70480241E+02 0.70183544E+02 0.69884901E+02 0.69585302E+02 0.69285391E+02 0.68985576E+02 0.68686109E+02 0.68387146E+02 0.68088781E+02 0.67791079E+02 0.67494094E+02 0.67197885E+02 0.66902522E+02
0.43734277E+02 0.45177636E+02 0.46599560E+02 0.47995395E+02 0.49363828E+02 0.50707255E+02 0.52028482E+02 0.53329397E+02 0.54611275E+02 0.55875130E+02 0.57121867E+02 0.58352306E+02 0.59567139E+02 0.60766827E+02 0.61951447E+02 0.63120454E+02 0.64272338E+02 0.65404114E+02 0.66510554E+02 0.67583044E+02 0.68607948E+02 0.69564551E+02 0.70423443E+02 0.71148073E+02 0.71703771E+02 0.72073654E+02 0.72268561E+02 0.72319778E+02 0.72263465E+02 0.72130609E+02 0.71944488E+02 0.71721671E+02 0.71473720E+02 0.71208651E+02 0.70932006E+02 0.70647602E+02 0.70358056E+02 0.70065151E+02 0.69770090E+02 0.69473679E+02 0.69176449E+02 0.68878754E+02 0.68580828E+02 0.68282834E+02 0.67984896E+02 0.67687122E+02 0.67389617E+02 0.67092495E+02
0.43576691E+02 0.45045476E+02 0.46490367E+02 0.47908055E+02 0.49297615E+02 0.50660622E+02 0.51999327E+02 0.53315562E+02 0.54610700E+02 0.55885844E+02 0.57141948E+02 0.58379836E+02 0.59600156E+02 0.60803278E+02 0.61989129E+02 0.63156942E+02 0.64304905E+02 0.65429648E+02 0.66525502E+02 0.67583475E+02 0.68589923E+02 0.69525152E+02 0.70362880E+02 0.71072558E+02 0.71626794E+02 0.72012277E+02 0.72236248E+02 0.72322302E+02 0.72300138E+02 0.72197483E+02 0.72036766E+02 0.71834873E+02 0.71604054E+02 0.71353022E+02 0.71087904E+02 0.70812973E+02 0.70531192E+02 0.70244607E+02 0.69954620E+02 0.69662190E+02 0.69367974E+02 0.69072423E+02 0.68775854E+02 0.68478503E+02 0.68180556E+02 0.67882176E+02 0.67583520E+02 0.67284751E+02
0.43429457E+02 0.44923002E+02 0.46390332E+02 0.47829094E+02 0.49238673E+02 0.50620204E+02 0.51975519E+02 0.53306322E+02 0.54614007E+02 0.55899726E+02 0.57164458E+02 0.58409023E+02 0.59634028E+02 0.60839763E+02 0.62026026E+02 0.63191877E+02 0.64335277E+02 0.65452592E+02 0.66537915E+02 0.67582170E+02 0.68572078E+02 0.69489289E+02 0.70310484E+02 0.71009859E+02 0.71565052E+02 0.71964893E+02 0.72213969E+02 0.72330336E+02 0.72338664E+02 0.72263790E+02 0.72127128E+02 0.71945582E+02 0.71731825E+02 0.71495070E+02 0.71241890E+02 0.70976926E+02 0.70703431E+02 0.70423677E+02 0.70139245E+02 0.69851238E+02 0.69560428E+02 0.69267366E+02 0.68972453E+02 0.68675996E+02 0.68378248E+02 0.68079431E+02 0.67779757E+02 0.67479438E+02
0.43293843E+02 0.44811251E+02 0.46300247E+02 0.47759189E+02 0.49187716E+02 0.50586726E+02 0.51957740E+02 0.53302311E+02 0.54621799E+02 0.55917363E+02 0.57189990E+02 0.58440486E+02 0.59669419E+02 0.60877012E+02 0.62062969E+02 0.63226220E+02 0.64364583E+02 0.65474291E+02 0.66549378E+02 0.67580933E+02 0.68556319E+02 0.69458673E+02 0.70267349E+02 0.70960232E+02 0.71518401E+02 0.71931835E+02 0.72202982E+02 0.72345793E+02 0.72381112E+02 0.72331422E+02 0.72217163E+02 0.72055087E+02 0.71858070E+02 0.71635632E+02 0.71394651E+02 0.71140035E+02 0.70875259E+02 0.70602780E+02 0.70324333E+02 0.70041147E+02 0.69754105E+02 0.69463849E+02 0.69170866E+02 0.68875535E+02 0.68578176E+02 0.68279074E+02 0.67978497E+02 0.67676714E+02
0.43171014E+02 0.44711158E+02 0.46220847E+02 0.47698978E+02 0.49145392E+02 0.50560848E+02 0.51946633E+02 0.53304143E+02 0.54634668E+02 0.55939344E+02 0.57219142E+02 0.58474847E+02 0.59706994E+02 0.60915755E+02 0.62100768E+02 0.63260893E+02 0.64393884E+02 0.65495958E+02 0.66561259E+02 0.67581240E+02 0.68544092E+02 0.69434481E+02 0.70234117E+02 0.70923724E+02 0.71486665E+02 0.71913309E+02 0.72204184E+02 0.72370099E+02 0.72429089E+02 0.72401907E+02 0.72308207E+02 0.72164512E+02 0.71983725E+02 0.71775491E+02 0.71546848E+02 0.71302865E+02 0.71047167E+02 0.70782348E+02 0.70510265E+02 0.70232259E+02 0.69949310E+02 0.69662150E+02 0.69371345E+02 0.69077350E+02 0.68780552E+02 0.68481299E+02 0.68179921E+02 0.67876743E+02
0.43062015E+02 0.44623559E+02 0.46152806E+02 0.47649056E+02 0.49112289E+02 0.50543171E+02 0.51942798E+02 0.53312408E+02 0.54653199E+02 0.55966253E+02 0.57252511E+02 0.58512729E+02 0.59747414E+02 0.60956706E+02 0.62140212E+02 0.63296771E+02 0.64424154E+02 0.65518672E+02 0.66574717E+02 0.67584263E+02 0.68536451E+02 0.69417470E+02 0.70211086E+02 0.70900212E+02 0.71469623E+02 0.71909432E+02 0.72218228E+02 0.72404309E+02 0.72483802E+02 0.72476420E+02 0.72401327E+02 0.72274798E+02 0.72109610E+02 0.71915363E+02 0.71699108E+02 0.71465966E+02 0.71219641E+02 0.70962812E+02 0.70697429E+02 0.70424924E+02 0.70146362E+02 0.69862558E+02 0.69574155E+02 0.69281683E+02 0.68985596E+02 0.68686310E+02 0.68384215E+02 0.68079696E+02
0.42967754E+02 0.44549183E+02 0.46096730E+02 0.47609963E+02 0.49088944E+02 0.50534246E+02 0.51946795E+02 0.53327670E+02 0.54677957E+02 0.55998666E+02 0.57290688E+02 0.58554750E+02 0.59791334E+02 0.61000567E+02 0.62182057E+02 0.63334677E+02 0.64456284E+02 0.65543377E+02 0.66590713E+02 0.67590905E+02 0.68534125E+02 0.69408047E+02 0.70198267E+02 0.70889400E+02 0.71466984E+02 0.71920253E+02 0.72245593E+02 0.72449177E+02 0.72546094E+02 0.72555800E+02 0.72497325E+02 0.72386699E+02 0.72236426E+02 0.72055891E+02 0.71852017E+02 0.71629871E+02 0.71393163E+02 0.71144610E+02 0.70886223E+02 0.70619502E+02 0.70345588E+02 0.70065372E+02 0.69779571E+02 0.69488786E+02 0.69193541E+02 0.68894319E+02 0.68591574E+02 0.68285750E+02
0.42888981E+02 0.44488646E+02 0.46053144E+02 0.47582185E+02 0.49075842E+02 0.50534577E+02 0.51959146E+02 0.53350466E+02 0.54709491E+02 0.56037143E+02 0.57334255E+02 0.58601516E+02 0.59839392E+02 0.61048014E+02 0.62227026E+02 0.63375377E+02 0.64491075E+02 0.65570890E+02 0.66610031E+02 0.67601838E+02 0.68537562E+02 0.69406329E+02 0.70195407E+02 0.70890808E+02 0.71478355E+02 0.71945760E+02 0.72286637E+02 0.72505200E+02 0.72616461E+02 0.72640552E+02 0.72596737E+02 0.72500782E+02 0.72364751E+02 0.72197643E+02 0.72006116E+02 0.71795089E+02 0.71568206E+02 0.71328178E+02 0.71077046E+02 0.70816360E+02 0.70547326E+02 0.70270902E+02 0.69987876E+02 0.69698918E+02 0.69404625E+02 0.69105544E+02 0.68802196E+02 0.68495090E+02
0.42826273E+02 0.44442438E+02 0.46022485E+02 0.47566142E+02 0.49073415E+02 0.50544621E+02 0.51980337E+02 0.53381302E+02 0.54748329E+02 0.56082234E+02 0.57383781E+02 0.58653620E+02 0.59892209E+02 0.61099701E+02 0.62275801E+02 0.63419579E+02 0.64529247E+02 0.65601909E+02 0.66633298E+02 0.67617534E+02 0.68546976E+02 0.69412180E+02 0.70202004E+02 0.70903724E+02 0.71503181E+02 0.71985869E+02 0.72341627E+02 0.72572619E+02 0.72695040E+02 0.72730834E+02 0.72699837E+02 0.72617434E+02 0.72495048E+02 0.72341118E+02 0.72161911E+02 0.71962110E+02 0.71745234E+02 0.71513951E+02 0.71270302E+02 0.71015873E+02 0.70751921E+02 0.70479465E+02 0.70199361E+02 0.69912349E+02 0.69619093E+02 0.69320211E+02 0.69016290E+02 0.68707905E+02
