pykrige/test/test2_answer.asc
NCOLS   100
NROWS   100
XLLCENTER      1.067275000E+06
YLLCENTER      2.414590000E+05
DX      5.000000000E+01
DY      2.500000000E+01
NODATA_VALUE      -9.990000E+02
[rows 66 to 87 of 100, columns 48 to 95 of 100]
0.49401706E+02 0.51721527E+02 0.54042318E+02 0.56359428E+02 0.58665521E+02 0.60945137E+02 0.63161175E+02 0.65222110E+02 0.66962198E+02 0.68317453E+02 0.69438222E+02 0.70461070E+02 0.71447328E+02 0.72422561E+02 0.73398617E+02 0.74381887E+02 0.75376488E+02 0.76385560E+02 0.77411736E+02 0.78457084E+02 0.79522616E+02 0.80607445E+02 0.81707875E+02 0.82816939E+02 0.83924887E+02 0.85020710E+02 0.86094194E+02 0.87137734E+02 0.88147300E+02 0.89122438E+02 0.90065560E+02 0.90980949E+02 0.91873834E+02 0.92749701E+02 0.93613881E+02 0.94471354E+02 0.95326691E+02 0.96184067E+02 0.97047278E+02 0.97919756E+02 0.98804540E+02 0.99704242E+02 0.10062098E+03 0.10155631E+03 0.10251121E+03 0.10348601E+03 0.10448047E+03 0.10549383E+03
0.49543765E+02 0.51861792E+02 0.54174600E+02 0.56476785E+02 0.58758661E+02 0.61000662E+02 0.63161777E+02 0.65161523E+02 0.66889965E+02 0.68311640E+02 0.69516563E+02 0.70609037E+02 0.71650462E+02 0.72671567E+02 0.73688123E+02 0.74708958E+02 0.75739563E+02 0.76783681E+02 0.77843908E+02 0.78921701E+02 0.80016969E+02 0.81127398E+02 0.82247815E+02 0.83370028E+02 0.84483526E+02 0.85577087E+02 0.86640832E+02 0.87667999E+02 0.88655809E+02 0.89605277E+02 0.90520289E+02 0.91406418E+02 0.92269895E+02 0.93116918E+02 0.93953279E+02 0.94784236E+02 0.95614532E+02 0.96448454E+02 0.97289892E+02 0.98142365E+02 0.99009005E+02 0.99892507E+02 0.10079506E+03 0.10171824E+03 0.10266300E+03 0.10362959E+03 0.10461762E+03 0.10562613E+03
0.49692573E+02 0.52002929E+02 0.54302463E+02 0.56584894E+02 0.58838629E+02 0.61041789E+02 0.63153946E+02 0.65108858E+02 0.66832207E+02 0.68302995E+02 0.69578565E+02 0.70737022E+02 0.71834370E+02 0.72903317E+02 0.73962393E+02 0.75022514E+02 0.76090488E+02 0.77170710E+02 0.78265856E+02 0.79376943E+02 0.80502986E+02 0.81640442E+02 0.82782761E+02 0.83920432E+02 0.85041885E+02 0.86135278E+02 0.87190719E+02 0.88202135E+02 0.89168065E+02 0.90091218E+02 0.90977204E+02 0.91833091E+02 0.92666243E+02 0.93483622E+02 0.94291485E+02 0.95095354E+02 0.95900115E+02 0.96710147E+02 0.97529423E+02 0.98361550E+02 0.99209760E+02 0.10007685E+03 0.10096508E+03 0.10187610E+03 0.10281081E+03 0.10376938E+03 0.10475126E+03 0.10575526E+03
0.49850344E+02 0.52147049E+02 0.54428460E+02 0.56687303E+02 0.58910616E+02 0.61075812E+02 0.63145606E+02 0.65067055E+02 0.66788689E+02 0.68297471E+02 0.69631973E+02 0.70850823E+02 0.72002698E+02 0.73119903E+02 0.74222488E+02 0.75322939E+02 0.76429202E+02 0.77546318E+02 0.78677123E+02 0.79822340E+02 0.80980274E+02 0.82146319E+02 0.83312609E+02 0.84468185E+02 0.85600086E+02 0.86695410E+02 0.87743882E+02 0.88739972E+02 0.89683657E+02 0.90579619E+02 0.91435498E+02 0.92260078E+02 0.93061973E+02 0.93848945E+02 0.94627700E+02 0.95403986E+02 0.96182791E+02 0.96968561E+02 0.97765336E+02 0.98576815E+02 0.99406340E+02 0.10025683E+03 0.10113064E+03 0.10202949E+03 0.10295428E+03 0.10390508E+03 0.10488115E+03 0.10588105E+03
0.50018654E+02 0.52295911E+02 0.54554893E+02 0.56787195E+02 0.58978990E+02 0.61108119E+02 0.63141504E+02 0.65037279E+02 0.66758918E+02 0.68298072E+02 0.69681931E+02 0.70955036E+02 0.72158698E+02 0.73323362E+02 0.74469535E+02 0.75610712E+02 0.76755741E+02 0.77910247E+02 0.79077282E+02 0.80257404E+02 0.81448374E+02 0.82644673E+02 0.83837152E+02 0.85013255E+02 0.86158254E+02 0.87257675E+02 0.88300429E+02 0.89281390E+02 0.90202164E+02 0.91069783E+02 0.91894280E+02 0.92686397E+02 0.93456102E+02 0.94211960E+02 0.94961084E+02 0.95709383E+02 0.96461900E+02 0.97223108E+02 0.97997101E+02 0.98787669E+02 0.99598281E+02 0.10043199E+03 0.10129132E+03 0.10217804E+03 0.10309307E+03 0.10403638E+03 0.10500703E+03 0.10600330E+03
0.50198289E+02 0.52450813E+02 0.54683679E+02 0.56887252E+02 0.59047217E+02 0.61142521E+02 0.63144432E+02 0.65019859E+02 0.66742283E+02 0.68306262E+02 0.69731748E+02 0.71053129E+02 0.72305107E+02 0.73515551E+02 0.74704633E+02 0.75886347E+02 0.77070185E+02 0.78262271E+02 0.79465905E+02 0.80681596E+02 0.81906723E+02 0.83134999E+02 0.84356037E+02 0.85555513E+02 0.86716492E+02 0.87822312E+02 0.88860536E+02 0.89826297E+02 0.90723125E+02 0.91560912E+02 0.92352537E+02 0.93110950E+02 0.93847549E+02 0.94571670E+02 0.95290751E+02 0.96010778E+02 0.96736775E+02 0.97473203E+02 0.98224193E+02 0.98993630E+02 0.99785128E+02 0.10060192E+03 0.10144669E+03 0.10232134E+03 0.10322682E+03 0.10416299E+03 0.10512869E+03 0.10612186E+03
0.50389235E+02 0.52612544E+02 0.54816298E+02 0.56989598E+02 0.59117911E+02 0.61181604E+02 0.63155962E+02 0.65014684E+02 0.66738106E+02 0.68322655E+02 0.69783488E+02 0.71147616E+02 0.72444125E+02 0.73698079E+02 0.74928793E+02 0.76150345E+02 0.77372624E+02 0.78602162E+02 0.79842528E+02 0.81094293E+02 0.82354619E+02 0.83616611E+02 0.84868716E+02 0.86094676E+02 0.87274844E+02 0.88389589E+02 0.89424431E+02 0.90374594E+02 0.91245983E+02 0.92052059E+02 0.92809090E+02 0.93532493E+02 0.94235123E+02 0.94927003E+02 0.95615774E+02 0.96307382E+02 0.97006747E+02 0.97718269E+02 0.98446102E+02 0.99194233E+02 0.99966442E+02 0.10076618E+03 0.10159634E+03 0.10245901E+03 0.10335518E+03 0.10428463E+03 0.10524591E+03 0.10623660E+03
0.50590788E+02 0.52781405E+02 0.54953771E+02 0.57095805E+02 0.59192943E+02 0.61227044E+02 0.63176894E+02 0.65021391E+02 0.66745666E+02 0.68347376E+02 0.69838380E+02 0.71240258E+02 0.72577452E+02 0.73872279E+02 0.75142895E+02 0.76403150E+02 0.77663125E+02 0.78929667E+02 0.80206634E+02 0.81494765E+02 0.82791182E+02 0.84088587E+02 0.85374381E+02 0.86630246E+02 0.87833252E+02 0.88959791E+02 0.89992381E+02 0.90926136E+02 0.91770028E+02 0.92542056E+02 0.93262543E+02 0.93949604E+02 0.94617506E+02 0.95276808E+02 0.95935186E+02 0.96598398E+02 0.97271156E+02 0.97957750E+02 0.98662343E+02 0.99389036E+02 0.10014180E+03 0.10092435E+03 0.10173987E+03 0.10259066E+03 0.10347782E+03 0.10440101E+03 0.10535849E+03 0.10634739E+03
0.50801760E+02 0.52957283E+02 0.55096700E+02 0.57206945E+02 0.59273559E+02 0.61279840E+02 0.63207517E+02 0.65039463E+02 0.66764212E+02 0.68380249E+02 0.69897083E+02 0.71332236E+02 0.72706354E+02 0.74039210E+02 0.75347667E+02 0.76645131E+02 0.77941710E+02 0.79244489E+02 0.80557630E+02 0.81882152E+02 0.83215331E+02 0.84549718E+02 0.85871883E+02 0.87161417E+02 0.88391490E+02 0.89533198E+02 0.90564685E+02 0.91480685E+02 0.92294302E+02 0.93029430E+02 0.93711224E+02 0.94360652E+02 0.94993241E+02 0.95619854E+02 0.96247985E+02 0.96883026E+02 0.97529359E+02 0.98191112E+02 0.98872461E+02 0.99577633E+02 0.10031083E+03 0.10107607E+03 0.10187689E+03 0.10271592E+03 0.10359440E+03 0.10451188E+03 0.10546627E+03 0.10645417E+03
0.51020697E+02 0.53139747E+02 0.55245325E+02 0.57323656E+02 0.59360505E+02 0.61340494E+02 0.63247783E+02 0.65068280E+02 0.66792979E+02 0.68420915E+02 0.69959873E+02 0.71424295E+02 0.72831732E+02 0.74199682E+02 0.75543683E+02 0.76876568E+02 0.78208346E+02 0.79546277E+02 0.80894843E+02 0.82255453E+02 0.83625753E+02 0.84998452E+02 0.86359640E+02 0.87686947E+02 0.88949060E+02 0.90110057E+02 0.91141654E+02 0.92037821E+02 0.92817471E+02 0.93512291E+02 0.94153117E+02 0.94763769E+02 0.95360725E+02 0.95954834E+02 0.96553146E+02 0.97160475E+02 0.97780736E+02 0.98417859E+02 0.99076042E+02 0.99759660E+02 0.10047317E+03 0.10122096E+03 0.10200703E+03 0.10283442E+03 0.10370458E+03 0.10461698E+03 0.10556910E+03 0.10655689E+03
0.51246061E+02 0.53328150E+02 0.55399593E+02 0.57446223E+02 0.59454135E+02 0.61409147E+02 0.63297410E+02 0.65107163E+02 0.66831191E+02 0.68468899E+02 0.70026765E+02 0.71516854E+02 0.72954196E+02 0.74354285E+02 0.75731375E+02 0.77097654E+02 0.78462944E+02 0.79834627E+02 0.81217523E+02 0.82613531E+02 0.84020890E+02 0.85432845E+02 0.86835512E+02 0.88204980E+02 0.89505039E+02 0.90690537E+02 0.91723597E+02 0.92596816E+02 0.93337641E+02 0.93988196E+02 0.94585800E+02 0.95156832E+02 0.95718214E+02 0.96280374E+02 0.96849630E+02 0.97429978E+02 0.98024711E+02 0.98637539E+02 0.99272726E+02 0.99934813E+02 0.10062853E+03 0.10135872E+03 0.10212994E+03 0.10294579E+03 0.10380806E+03 0.10471609E+03 0.10566687E+03 0.10665558E+03
0.51476373E+02 0.53521728E+02 0.55559236E+02 0.57574651E+02 0.59554499E+02 0.61485676E+02 0.63355960E+02 0.65155389E+02 0.66878073E+02 0.68523652E+02 0.70097593E+02 0.71610094E+02 0.73074122E+02 0.74503422E+02 0.75911045E+02 0.77308500E+02 0.78705362E+02 0.80109093E+02 0.81524853E+02 0.82955122E+02 0.84398946E+02 0.85850520E+02 0.87296678E+02 0.88712795E+02 0.90057819E+02 0.91274658E+02 0.92310791E+02 0.93156410E+02 0.93852086E+02 0.94453986E+02 0.95006386E+02 0.95537460E+02 0.96063832E+02 0.96595047E+02 0.97136399E+02 0.97690809E+02 0.98260754E+02 0.98849754E+02 0.99462217E+02 0.10010286E+03 0.10077670E+03 0.10148909E+03 0.10224531E+03 0.10304972E+03 0.10390453E+03 0.10480902E+03 0.10575953E+03 0.10675030E+03
0.51710287E+02 0.53719667E+02 0.55723833E+02 0.57708737E+02 0.59661427E+02 0.61569769E+02 0.63422885E+02 0.65212215E+02 0.66932852E+02 0.68584585E+02 0.70172073E+02 0.71704026E+02 0.73191708E+02 0.74647350E+02 0.76082887E+02 0.77509149E+02 0.78935421E+02 0.80369201E+02 0.81815980E+02 0.83278874E+02 0.84757917E+02 0.86248671E+02 0.87739516E+02 0.89206474E+02 0.90604659E+02 0.91862143E+02 0.92903426E+02 0.93714417E+02 0.94356854E+02 0.94905612E+02 0.95411498E+02 0.95903042E+02 0.96395611E+02 0.96897395E+02 0.97412434E+02 0.97942302E+02 0.98488393E+02 0.99054159E+02 0.99644294E+02 0.10026366E+03 0.10091755E+03 0.10161189E+03 0.10235288E+03 0.10314586E+03 0.10399370E+03 0.10489561E+03 0.10584710E+03 0.10684123E+03
0.51946624E+02 0.53921160E+02 0.55892872E+02 0.57848133E+02 0.59774586E+02 0.61660987E+02 0.63497575E+02 0.65276891E+02 0.66994773E+02 0.68651088E+02 0.70249842E+02 0.71798536E+02 0.73307019E+02 0.74786206E+02 0.76247012E+02 0.77699598E+02 0.79152923E+02 0.80614477E+02 0.82090047E+02 0.83583398E+02 0.85095660E+02 0.86624103E+02 0.88159525E+02 0.89680483E+02 0.91140917E+02 0.92452101E+02 0.93501490E+02 0.94266973E+02 0.94846225E+02 0.95337997E+02 0.95797301E+02 0.96250804E+02 0.96711542E+02 0.97185955E+02 0.97676742E+02 0.98183871E+02 0.98707212E+02 0.99250467E+02 0.99818825E+02 0.10041720E+03 0.10105108E+03 0.10172704E+03 0.10245243E+03 0.10323393E+03 0.10407532E+03 0.10497575E+03 0.10592968E+03 0.10692863E+03
0.52184383E+02 0.54125441E+02 0.56065789E+02 0.57992389E+02 0.59893535E+02 0.61758803E+02 0.63579375E+02 0.65348672E+02 0.67063094E+02 0.68722547E+02 0.70330488E+02 0.71893429E+02 0.73420025E+02 0.74920046E+02 0.76403472E+02 0.77879813E+02 0.79357673E+02 0.80844475E+02 0.82346244E+02 0.83867339E+02 0.85409997E+02 0.86973373E+02 0.88551381E+02 0.90127255E+02 0.91658705E+02 0.93042254E+02 0.94104471E+02 0.94807077E+02 0.95312055E+02 0.95745005E+02 0.96159635E+02 0.96577933E+02 0.97009656E+02 0.97459294E+02 0.97928337E+02 0.98415031E+02 0.98916815E+02 0.99438433E+02 0.99985789E+02 0.10056359E+03 0.10117742E+03 0.10183459E+03 0.10254385E+03 0.10331365E+03 0.10414913E+03 0.10504940E+03 0.10600746E+03 0.10701290E+03
0.52422726E+02 0.54331800E+02 0.56242003E+02 0.58140997E+02 0.60017763E+02 0.61862641E+02 0.63667616E+02 0.65426825E+02 0.67137101E+02 0.68798354E+02 0.70413579E+02 0.71988458E+02 0.73530631E+02 0.75048865E+02 0.76552281E+02 0.78049753E+02 0.79549501E+02 0.81058812E+02 0.82583853E+02 0.84129468E+02 0.85698867E+02 0.87293019E+02 0.88909211E+02 0.90537031E+02 0.92144739E+02 0.93626718E+02 0.94710422E+02 0.95321777E+02 0.95743245E+02 0.96119691E+02 0.96494269E+02 0.96881744E+02 0.97288136E+02 0.97716053E+02 0.98166162E+02 0.98635417E+02 0.99116718E+02 0.99617858E+02 0.10014530E+03 0.10070314E+03 0.10129694E+03 0.10193478E+03 0.10262710E+03 0.10338480E+03 0.10421494E+03 0.10511662E+03 0.10608083E+03 0.10709460E+03
0.52660958E+02 0.54539598E+02 0.56420944E+02 0.58293424E+02 0.60146724E+02 0.61971896E+02 0.63761628E+02 0.65510642E+02 0.67216108E+02 0.68877919E+02 0.70498673E+02 0.72083346E+02 0.73638705E+02 0.75172625E+02 0.76693437E+02 0.78209393E+02 0.79728288E+02 0.81257199E+02 0.82802312E+02 0.84368770E+02 0.85960498E+02 0.87579901E+02 0.89227195E+02 0.90898462E+02 0.92577827E+02 0.94188351E+02 0.95311952E+02 0.95787468E+02 0.96126051E+02 0.96454969E+02 0.96797309E+02 0.97159903E+02 0.97545446E+02 0.97955038E+02 0.98388921E+02 0.98844774E+02 0.99306089E+02 0.99788615E+02 0.10029764E+03 0.10083636E+03 0.10141024E+03 0.10202806E+03 0.10270233E+03 0.10344719E+03 0.10427257E+03 0.10517758E+03 0.10615036E+03 0.10717453E+03
0.52898511E+02 0.54748263E+02 0.56602060E+02 0.58449127E+02 0.60279854E+02 0.62085961E+02 0.63860753E+02 0.65599440E+02 0.67299462E+02 0.68960677E+02 0.70585337E+02 0.72177807E+02 0.73744094E+02 0.75291275E+02 0.76826942E+02 0.78358734E+02 0.79893986E+02 0.81439474E+02 0.83001256E+02 0.84584544E+02 0.86193595E+02 0.87831597E+02 0.89500489E+02 0.91200625E+02 0.92929498E+02 0.94669565E+02 0.95868572E+02 0.96166693E+02 0.96446396E+02 0.96744781E+02 0.97065692E+02 0.97410652E+02 0.97780466E+02 0.98175385E+02 0.98595216E+02 0.99038267E+02 0.99483748E+02 0.99950791E+02 0.10044333E+03 0.10096403E+03 0.10151821E+03 0.10211525E+03 0.10276990E+03 0.10350069E+03 0.10432189E+03 0.10523269E+03 0.10621693E+03 0.10725372E+03
0.53134919E+02 0.54957289E+02 0.56784836E+02 0.58607578E+02 0.60416596E+02 0.62204237E+02 0.63964353E+02 0.65692572E+02 0.67386547E+02 0.69046093E+02 0.70673152E+02 0.72271559E+02 0.73846645E+02 0.75404764E+02 0.76952816E+02 0.78497830E+02 0.80046636E+02 0.81605622E+02 0.83180560E+02 0.84776468E+02 0.86397491E+02 0.88046765E+02 0.89726238E+02 0.91436372E+02 0.93175280E+02 0.94930875E+02 0.96142504E+02 0.96421934E+02 0.96694651E+02 0.96985493E+02 0.97297660E+02 0.97632999E+02 0.97992597E+02 0.98376731E+02 0.98784723E+02 0.99212406E+02 0.99649696E+02 0.10010485E+03 0.10058311E+03 0.10108721E+03 0.10162214E+03 0.10219757E+03 0.10283051E+03 0.10354525E+03 0.10436285E+03 0.10528266E+03 0.10628183E+03 0.10733357E+03
0.53369803E+02 0.55166236E+02 0.56968794E+02 0.58768268E+02 0.60556407E+02 0.62326144E+02 0.64071822E+02 0.65789428E+02 0.67476786E+02 0.69133665E+02 0.70761727E+02 0.72364334E+02 0.73946215E+02 0.75513060E+02 0.77071111E+02 0.78626789E+02 0.80186380E+02 0.81755794E+02 0.83340361E+02 0.84944647E+02 0.86572237E+02 0.88225380E+02 0.89904294E+02 0.91605275E+02 0.93313524E+02 0.94956774E+02 0.96095698E+02 0.96550616E+02 0.96870343E+02 0.97176907E+02 0.97493054E+02 0.97826823E+02 0.98181807E+02 0.98559258E+02 0.98958506E+02 0.99375684E+02 0.99805569E+02 0.10025164E+03 0.10071799E+03 0.10120722E+03 0.10172375E+03 0.10227690E+03 0.10288544E+03 0.10358098E+03 0.10439552E+03 0.10532873E+03 0.10634695E+03 0.10741582E+03
0.53602854E+02 0.55374716E+02 0.57153495E+02 0.58930718E+02 0.60698771E+02 0.62451133E+02 0.64182589E+02 0.65889437E+02 0.67569647E+02 0.69222931E+02 0.70850700E+02 0.72455890E+02 0.74042681E+02 0.75616153E+02 0.77181918E+02 0.78745787E+02 0.80313468E+02 0.81890310E+02 0.83481064E+02 0.85089616E+02 0.86718608E+02 0.88368741E+02 0.90037249E+02 0.91713813E+02 0.93366975E+02 0.94890012E+02 0.95991769E+02 0.96588422E+02 0.96982481E+02 0.97322308E+02 0.97653311E+02 0.97992859E+02 0.98348604E+02 0.98723564E+02 0.99117768E+02 0.99528527E+02 0.99952883E+02 0.10039222E+03 0.10084913E+03 0.10132565E+03 0.10182521E+03 0.10235590E+03 0.10293690E+03 0.10360823E+03 0.10442019E+03 0.10537306E+03 0.10641497E+03 0.10750267E+03
0.53833819E+02 0.55582397E+02 0.57338544E+02 0.59094485E+02 0.60843204E+02 0.62578685E+02 0.64296118E+02 0.65992074E+02 0.67664639E+02 0.69313468E+02 0.70939742E+02 0.72546009E+02 0.74135949E+02 0.75714067E+02 0.77285374E+02 0.78855070E+02 0.80428256E+02 0.82009656E+02 0.83603328E+02 0.85212307E+02 0.86838028E+02 0.88479261E+02 0.90129777E+02 0.91772617E+02 0.93364524E+02 0.94797264E+02 0.95882619E+02 0.96574574E+02 0.97045130E+02 0.97427482E+02 0.97781150E+02 0.98132569E+02 0.98493946E+02 0.98870504E+02 0.99263452E+02 0.99671411E+02 0.10009268E+03 0.10052768E+03 0.10097779E+03 0.10144422E+03 0.10192909E+03 0.10243828E+03 0.10298877E+03 0.10362794E+03 0.10443765E+03 0.10541948E+03 0.10648959E+03 0.10759668E+03
