pykrige/test/test1_answer.asc
NCOLS   100
NROWS   100
XLLCENTER      1.067275000E+06
YLLCENTER      2.414590000E+05
DX      5.000000000E+01
DY      2.500000000E+01
NODATA_VALUE      -9.990000E+02
[rows 66 to 87 of 100, columns 48 to 95 of 100]
0.49180935E+02 0.51497627E+02 0.53819878E+02 0.56143080E+02 0.58459896E+02 0.60754449E+02 0.62988084E+02 0.65064922E+02 0.66811040E+02 0.68159126E+02 0.69266591E+02 0.70276111E+02 0.71251082E+02 0.72216987E+02 0.73184466E+02 0.74157922E+02 0.75138788E+02 0.76126848E+02 0.77120739E+02 0.78118001E+02 0.79114820E+02 0.80105559E+02 0.81082313E+02 0.82034836E+02 0.82951184E+02 0.83819082E+02 0.84627618E+02 0.85368614E+02 0.86037215E+02 0.86631603E+02 0.87152069E+02 0.87599902E+02 0.87976431E+02 0.88282435E+02 0.88517976E+02 0.88682528E+02 0.88775253E+02 0.88795205E+02 0.88741393E+02 0.88612743E+02 0.88408105E+02 0.88126409E+02 0.87767016E+02 0.87330186E+02 0.86817536E+02 0.86232362E+02 0.85579737E+02 0.84866361E+02
0.49334585E+02 0.51643242E+02 0.53950970E+02 0.56252518E+02 0.58538164E+02 0.60787779E+02 0.62958645E+02 0.64966500E+02 0.66696024E+02 0.68109870E+02 0.69302158E+02 0.70381742E+02 0.71412130E+02 0.72424278E+02 0.73433012E+02 0.74445389E+02 0.75464427E+02 0.76490745E+02 0.77523227E+02 0.78559148E+02 0.79593975E+02 0.80621012E+02 0.81631134E+02 0.82612934E+02 0.83553554E+02 0.84440207E+02 0.85261962E+02 0.86011173E+02 0.86683999E+02 0.87279912E+02 0.87800505E+02 0.88248122E+02 0.88624749E+02 0.88931397E+02 0.89168009E+02 0.89333750E+02 0.89427428E+02 0.89447786E+02 0.89393556E+02 0.89263333E+02 0.89055515E+02 0.88768458E+02 0.88400901E+02 0.87952552E+02 0.87424678E+02 0.86820511E+02 0.86145375E+02 0.85406489E+02
0.49496905E+02 0.51790726E+02 0.54077884E+02 0.56352315E+02 0.58602358E+02 0.60805493E+02 0.62919645E+02 0.64875526E+02 0.66595221E+02 0.68056594E+02 0.69319511E+02 0.70465368E+02 0.71552062E+02 0.72612684E+02 0.73665041E+02 0.74718487E+02 0.75777569E+02 0.76843798E+02 0.77916407E+02 0.78992540E+02 0.80067097E+02 0.81132448E+02 0.82178283E+02 0.83191907E+02 0.84159272E+02 0.85066721E+02 0.85903026E+02 0.86660985E+02 0.87337898E+02 0.87934803E+02 0.88454892E+02 0.88901798E+02 0.89278286E+02 0.89585612E+02 0.89823532E+02 0.89990804E+02 0.90085820E+02 0.90107010E+02 0.90052859E+02 0.89921653E+02 0.89711304E+02 0.89419501E+02 0.89044225E+02 0.88584506E+02 0.88041168E+02 0.87417353E+02 0.86718673E+02 0.85952962E+02
0.49670287E+02 0.51942287E+02 0.54203257E+02 0.56446136E+02 0.58657855E+02 0.60815170E+02 0.62879321E+02 0.64795001E+02 0.66508294E+02 0.68005454E+02 0.69326680E+02 0.70532971E+02 0.71674593E+02 0.72784282E+02 0.73881532E+02 0.74977460E+02 0.76077963E+02 0.77185425E+02 0.78299497E+02 0.79417306E+02 0.80533317E+02 0.81639071E+02 0.82723074E+02 0.83771195E+02 0.84767867E+02 0.85698158E+02 0.86550225E+02 0.87317223E+02 0.87997779E+02 0.88594846E+02 0.89113577E+02 0.89559159E+02 0.89935267E+02 0.90243382E+02 0.90482964E+02 0.90652224E+02 0.90749050E+02 0.90771571E+02 0.90718088E+02 0.90586623E+02 0.90374571E+02 0.90078836E+02 0.89696477E+02 0.89225680E+02 0.88666711E+02 0.88022589E+02 0.87299266E+02 0.86505310E+02
0.49856349E+02 0.52099703E+02 0.54329421E+02 0.56537233E+02 0.58709149E+02 0.60822371E+02 0.62842561E+02 0.64726047E+02 0.66434625E+02 0.67959494E+02 0.69328949E+02 0.70589254E+02 0.71783004E+02 0.72941063E+02 0.74083499E+02 0.75222617E+02 0.76365414E+02 0.77515076E+02 0.78671710E+02 0.79832524E+02 0.80991670E+02 0.82139956E+02 0.83264702E+02 0.84350152E+02 0.85378841E+02 0.86334074E+02 0.87202999E+02 0.87979043E+02 0.88662418E+02 0.89258447E+02 0.89774694E+02 0.90218208E+02 0.90593691E+02 0.90902810E+02 0.91144555E+02 0.91316389E+02 0.91415584E+02 0.91439993E+02 0.91387850E+02 0.91256994E+02 0.91044274E+02 0.90745661E+02 0.90357083E+02 0.89875669E+02 0.89300986E+02 0.88635889E+02 0.87886744E+02 0.87062998E+02
0.50055761E+02 0.52264198E+02 0.54458266E+02 0.56628305E+02 0.58759764E+02 0.60830983E+02 0.62812180E+02 0.64668898E+02 0.66373456E+02 0.67920129E+02 0.69329661E+02 0.70637714E+02 0.71880012E+02 0.73084801E+02 0.74271903E+02 0.75454273E+02 0.76639739E+02 0.77832197E+02 0.79032220E+02 0.80237187E+02 0.81441062E+02 0.82634020E+02 0.83802195E+02 0.84928009E+02 0.85991649E+02 0.86974038E+02 0.87860809E+02 0.88645562E+02 0.89330461E+02 0.89923806E+02 0.90436124E+02 0.90876671E+02 0.91251300E+02 0.91561772E+02 0.91806368E+02 0.91981516E+02 0.92083715E+02 0.92110605E+02 0.92060543E+02 0.91931319E+02 0.91719205E+02 0.91419059E+02 0.91025400E+02 0.90534035E+02 0.89943650E+02 0.89256896E+02 0.88480644E+02 0.87625414E+02
0.50268232E+02 0.52436397E+02 0.54591174E+02 0.56721433E+02 0.58812310E+02 0.60843596E+02 0.62789707E+02 0.64623313E+02 0.66323944E+02 0.67887869E+02 0.69330839E+02 0.70680831E+02 0.71967749E+02 0.73216987E+02 0.74447576E+02 0.75672690E+02 0.76900731E+02 0.78136196E+02 0.79380134E+02 0.80630176E+02 0.81880231E+02 0.83119969E+02 0.84334367E+02 0.85503830E+02 0.86605663E+02 0.87617617E+02 0.88523125E+02 0.89315831E+02 0.90000378E+02 0.90588855E+02 0.91095432E+02 0.91531956E+02 0.91905534E+02 0.92217892E+02 0.92466268E+02 0.92645651E+02 0.92751548E+02 0.92781506E+02 0.92734312E+02 0.92607911E+02 0.92397968E+02 0.92097980E+02 0.91700711E+02 0.91200306E+02 0.90594344E+02 0.89885222E+02 0.89080445E+02 0.88191851E+02
0.50492658E+02 0.52616356E+02 0.54729017E+02 0.56818096E+02 0.58868597E+02 0.60861824E+02 0.62775840E+02 0.64588772E+02 0.66285192E+02 0.67862692E+02 0.69333607E+02 0.70720276E+02 0.72047804E+02 0.73338799E+02 0.74611190E+02 0.75878047E+02 0.77148126E+02 0.78426425E+02 0.79714469E+02 0.81010231E+02 0.82307715E+02 0.83596253E+02 0.84859753E+02 0.86076441E+02 0.87220133E+02 0.88264375E+02 0.89189426E+02 0.89988805E+02 0.90670402E+02 0.91251191E+02 0.91749806E+02 0.92181088E+02 0.92553479E+02 0.92868499E+02 0.93121899E+02 0.93306659E+02 0.93416979E+02 0.93450529E+02 0.93407003E+02 0.93284804E+02 0.93078939E+02 0.92781224E+02 0.92382223E+02 0.91873982E+02 0.91252693E+02 0.90520443E+02 0.89685552E+02 0.88761492E+02
0.50727365E+02 0.52803650E+02 0.54872189E+02 0.56919224E+02 0.58929764E+02 0.60886560E+02 0.62770736E+02 0.64564582E+02 0.66256258E+02 0.67844254E+02 0.69338486E+02 0.70757097E+02 0.72121292E+02 0.73451108E+02 0.74763234E+02 0.76070415E+02 0.77381586E+02 0.78702160E+02 0.80034140E+02 0.81375937E+02 0.82721821E+02 0.84061009E+02 0.85376527E+02 0.86644342E+02 0.87834126E+02 0.88913848E+02 0.89859192E+02 0.90663298E+02 0.91338444E+02 0.91907985E+02 0.92395984E+02 0.92820653E+02 0.93191816E+02 0.93510582E+02 0.93770668E+02 0.93962223E+02 0.94077672E+02 0.94115176E+02 0.94076089E+02 0.93959687E+02 0.93760229E+02 0.93467423E+02 0.93069058E+02 0.92554541E+02 0.91918313E+02 0.91162103E+02 0.90295285E+02 0.89333384E+02
0.50970370E+02 0.52997497E+02 0.55020685E+02 0.57025277E+02 0.58996409E+02 0.60918163E+02 0.62774181E+02 0.64549934E+02 0.66236175E+02 0.67832004E+02 0.69345577E+02 0.70791870E+02 0.72188928E+02 0.73554501E+02 0.74904014E+02 0.76249747E+02 0.77600688E+02 0.78962591E+02 0.80337949E+02 0.81725705E+02 0.83120593E+02 0.84512006E+02 0.85882399E+02 0.87205578E+02 0.88446421E+02 0.89565532E+02 0.90531906E+02 0.91337911E+02 0.92001974E+02 0.92555879E+02 0.93030184E+02 0.93446744E+02 0.93816754E+02 0.94140729E+02 0.94409711E+02 0.94609841E+02 0.94731020E+02 0.94772541E+02 0.94738588E+02 0.94629844E+02 0.94439639E+02 0.94155011E+02 0.93760253E+02 0.93241442E+02 0.92590819E+02 0.91809700E+02 0.90908853E+02 0.89906403E+02
0.51219607E+02 0.53196878E+02 0.55174183E+02 0.57136327E+02 0.59068708E+02 0.60956601E+02 0.62785711E+02 0.64543946E+02 0.66223957E+02 0.67825261E+02 0.69354697E+02 0.70824816E+02 0.72251105E+02 0.73649318E+02 0.75033662E+02 0.76415881E+02 0.77804924E+02 0.79206830E+02 0.80624591E+02 0.82057779E+02 0.83501801E+02 0.84946585E+02 0.86374497E+02 0.87757554E+02 0.89055361E+02 0.90218842E+02 0.91207038E+02 0.92010914E+02 0.92657846E+02 0.93190855E+02 0.93648028E+02 0.94054905E+02 0.94423960E+02 0.94755032E+02 0.95035848E+02 0.95246827E+02 0.95374094E+02 0.95419191E+02 0.95390949E+02 0.95292072E+02 0.95114612E+02 0.94842202E+02 0.94454752E+02 0.93934139E+02 0.93269831E+02 0.92462682E+02 0.91525328E+02 0.90479212E+02
0.51473094E+02 0.53400650E+02 0.55332125E+02 0.57252154E+02 0.59146513E+02 0.61001561E+02 0.62804687E+02 0.64545685E+02 0.66218607E+02 0.67823258E+02 0.69365466E+02 0.70855895E+02 0.72307959E+02 0.73735690E+02 0.75152159E+02 0.76568550E+02 0.77993708E+02 0.79433916E+02 0.80892667E+02 0.82370245E+02 0.83862944E+02 0.85361626E+02 0.86849235E+02 0.88296786E+02 0.89658586E+02 0.90873043E+02 0.91884038E+02 0.92680037E+02 0.93302042E+02 0.93808086E+02 0.94244502E+02 0.94640116E+02 0.95008490E+02 0.95348950E+02 0.95645488E+02 0.95870326E+02 0.96003542E+02 0.96050980E+02 0.96028920E+02 0.95942605E+02 0.95782178E+02 0.95526954E+02 0.95151397E+02 0.94632091E+02 0.93954982E+02 0.93120428E+02 0.92143592E+02 0.91050203E+02
0.51729020E+02 0.53607634E+02 0.55493801E+02 0.57372311E+02 0.59229440E+02 0.61052529E+02 0.62830357E+02 0.64554190E+02 0.66219133E+02 0.67825180E+02 0.69377369E+02 0.70884878E+02 0.72359427E+02 0.73813576E+02 0.75259359E+02 0.76707397E+02 0.78166394E+02 0.79642836E+02 0.81140707E+02 0.82661068E+02 0.84201273E+02 0.85753534E+02 0.87302184E+02 0.88818554E+02 0.90252586E+02 0.91527113E+02 0.92562287E+02 0.93342086E+02 0.93929295E+02 0.94401791E+02 0.94813950E+02 0.95196816E+02 0.95564738E+02 0.95917097E+02 0.96234430E+02 0.96477320E+02 0.96615403E+02 0.96662775E+02 0.96647396E+02 0.96577043E+02 0.96438903E+02 0.96206930E+02 0.95848915E+02 0.95334773E+02 0.94645929E+02 0.93782220E+02 0.92762283E+02 0.91617417E+02
0.51985794E+02 0.53816678E+02 0.55658408E+02 0.57496203E+02 0.59316933E+02 0.61108850E+02 0.62861893E+02 0.64568491E+02 0.66224547E+02 0.67830183E+02 0.69389804E+02 0.70911400E+02 0.72405300E+02 0.73882804E+02 0.75355011E+02 0.76831998E+02 0.78322296E+02 0.79832550E+02 0.81367215E+02 0.82928140E+02 0.84513863E+02 0.86118285E+02 0.87727990E+02 0.89316478E+02 0.90831919E+02 0.92179424E+02 0.93240996E+02 0.93992211E+02 0.94532570E+02 0.94965127E+02 0.95350156E+02 0.95719015E+02 0.96086435E+02 0.96452927E+02 0.96797415E+02 0.97064652E+02 0.97204664E+02 0.97248038E+02 0.97240295E+02 0.97190308E+02 0.97080835E+02 0.96879439E+02 0.96545892E+02 0.96041689E+02 0.95342357E+02 0.94447200E+02 0.93379693E+02 0.92178445E+02
0.52242047E+02 0.54026691E+02 0.55825104E+02 0.57623135E+02 0.59408327E+02 0.61169783E+02 0.62898426E+02 0.64587619E+02 0.66233883E+02 0.67837417E+02 0.69402115E+02 0.70935004E+02 0.72445262E+02 0.73943105E+02 0.75438795E+02 0.76941885E+02 0.78460711E+02 0.80002028E+02 0.81570707E+02 0.83169354E+02 0.84797711E+02 0.86451555E+02 0.88120418E+02 0.89782087E+02 0.91387843E+02 0.92826966E+02 0.93918921E+02 0.94622441E+02 0.95102429E+02 0.95490208E+02 0.95846540E+02 0.96200508E+02 0.96566774E+02 0.96948378E+02 0.97327046E+02 0.97629048E+02 0.97764200E+02 0.97798301E+02 0.97800532E+02 0.97776659E+02 0.97703450E+02 0.97541346E+02 0.97240721E+02 0.96752379E+02 0.96043982E+02 0.95114295E+02 0.93993638E+02 0.92730286E+02
0.52496619E+02 0.54236671E+02 0.55993046E+02 0.57752361E+02 0.59502889E+02 0.61234533E+02 0.62939070E+02 0.64610622E+02 0.66246196E+02 0.67846040E+02 0.69413621E+02 0.70955177E+02 0.72478923E+02 0.73994142E+02 0.75510340E+02 0.77036571E+02 0.78580947E+02 0.80150279E+02 0.81749772E+02 0.83382693E+02 0.85049882E+02 0.86748946E+02 0.88472620E+02 0.90204638E+02 0.91906130E+02 0.93463094E+02 0.94593423E+02 0.95218861E+02 0.95626524E+02 0.95968398E+02 0.96296518E+02 0.96635225E+02 0.96998775E+02 0.97393734E+02 0.97811237E+02 0.98167105E+02 0.98281973E+02 0.98302794E+02 0.98320237E+02 0.98329782E+02 0.98301582E+02 0.98188928E+02 0.97931500E+02 0.97466422E+02 0.96750547E+02 0.95782098E+02 0.94601256E+02 0.93269174E+02
0.52748538E+02 0.54445710E+02 0.56161413E+02 0.57883116E+02 0.59599853E+02 0.61302286E+02 0.62982940E+02 0.64636572E+02 0.66260576E+02 0.67855225E+02 0.69423632E+02 0.70971375E+02 0.72505854E+02 0.74035539E+02 0.75569256E+02 0.77115574E+02 0.78682355E+02 0.80276393E+02 0.81903126E+02 0.83566321E+02 0.85267688E+02 0.87006319E+02 0.88777731E+02 0.90571712E+02 0.92364507E+02 0.94069778E+02 0.95256421E+02 0.95756861E+02 0.96089939E+02 0.96391038E+02 0.96693996E+02 0.97017679E+02 0.97375946E+02 0.97778478E+02 0.98228789E+02 0.98674856E+02 0.98734929E+02 0.98749148E+02 0.98791325E+02 0.98842956E+02 0.98869330E+02 0.98817640E+02 0.98615852E+02 0.98183411E+02 0.97461800E+02 0.96448664E+02 0.95198719E+02 0.93790350E+02
0.52996993E+02 0.54652997E+02 0.56329426E+02 0.58014640E+02 0.59698445E+02 0.61372225E+02 0.63029170E+02 0.64664576E+02 0.66276149E+02 0.67864177E+02 0.69431469E+02 0.70983045E+02 0.72525606E+02 0.74066909E+02 0.75615153E+02 0.77178441E+02 0.78764346E+02 0.80379575E+02 0.82029663E+02 0.83718679E+02 0.85448863E+02 0.87220185E+02 0.89029777E+02 0.90871238E+02 0.92733267E+02 0.94588011E+02 0.95866377E+02 0.96197923E+02 0.96477545E+02 0.96750655E+02 0.97033962E+02 0.97343434E+02 0.97693155E+02 0.98093908E+02 0.98552050E+02 0.99040253E+02 0.99088998E+02 0.99126362E+02 0.99206387E+02 0.99309244E+02 0.99399894E+02 0.99421738E+02 0.99290592E+02 0.98902912E+02 0.98177449E+02 0.97111170E+02 0.95780800E+02 0.94287785E+02
0.53241308E+02 0.54857812E+02 0.56496357E+02 0.58146199E+02 0.59797908E+02 0.61443553E+02 0.63076923E+02 0.64693779E+02 0.66292087E+02 0.67872136E+02 0.69436475E+02 0.70989642E+02 0.72537733E+02 0.74087868E+02 0.75647666E+02 0.77224767E+02 0.78826424E+02 0.80459169E+02 0.82128502E+02 0.83838560E+02 0.85591720E+02 0.87388065E+02 0.89224691E+02 0.91094837E+02 0.92986663E+02 0.94875781E+02 0.96181913E+02 0.96503593E+02 0.96778854E+02 0.97042374E+02 0.97312989E+02 0.97609452E+02 0.97947350E+02 0.98336403E+02 0.98773388E+02 0.99178681E+02 0.99334177E+02 0.99428884E+02 0.99559481E+02 0.99721636E+02 0.99885357E+02 0.99993699E+02 0.99951125E+02 0.99624335E+02 0.98897055E+02 0.97765310E+02 0.96340256E+02 0.94753873E+02
0.53480920E+02 0.55059522E+02 0.56661536E+02 0.58277094E+02 0.59897511E+02 0.61515503E+02 0.63125402E+02 0.64723375E+02 0.66307608E+02 0.67878385E+02 0.69438024E+02 0.70990646E+02 0.72541808E+02 0.74098056E+02 0.75666466E+02 0.77254215E+02 0.78868196E+02 0.80514688E+02 0.82199013E+02 0.83925157E+02 0.85695239E+02 0.87508713E+02 0.89361000E+02 0.91240773E+02 0.93121924E+02 0.94916658E+02 0.96164119E+02 0.96670967E+02 0.96992769E+02 0.97264910E+02 0.97529510E+02 0.97814207E+02 0.98137699E+02 0.98508023E+02 0.98912387E+02 0.99276048E+02 0.99495143E+02 0.99657439E+02 0.99846351E+02 0.10007310E+03 0.10031642E+03 0.10052338E+03 0.10059035E+03 0.10034668E+03 0.99619804E+02 0.98404213E+02 0.96866962E+02 0.95179129E+02
0.53715362E+02 0.55257573E+02 0.56824351E+02 0.58406671E+02 0.59996562E+02 0.61587346E+02 0.63173852E+02 0.64752608E+02 0.66321985E+02 0.67882257E+02 0.69435535E+02 0.70985570E+02 0.72537436E+02 0.74097153E+02 0.75671279E+02 0.77266525E+02 0.78889389E+02 0.80545819E+02 0.82240836E+02 0.83978075E+02 0.85759082E+02 0.87582118E+02 0.89439844E+02 0.91314085E+02 0.93160773E+02 0.94854450E+02 0.96079819E+02 0.96736046E+02 0.97127868E+02 0.97420518E+02 0.97683703E+02 0.97957511E+02 0.98265081E+02 0.98613742E+02 0.98987548E+02 0.99331044E+02 0.99591841E+02 0.99815633E+02 0.10006401E+03 0.10035658E+03 0.10068219E+03 0.10099697E+03 0.10119665E+03 0.10106788E+03 0.10034396E+03 0.99016435E+02 0.97346805E+02 0.95552028E+02
0.53944247E+02 0.55451480E+02 0.56984251E+02 0.58534327E+02 0.60094413E+02 0.61658400E+02 0.63221573E+02 0.64780777E+02 0.66334544E+02 0.67883134E+02 0.69428471E+02 0.70973968E+02 0.72524264E+02 0.74084885E+02 0.75661894E+02 0.77261528E+02 0.78889859E+02 0.80552434E+02 0.82253872E+02 0.83997309E+02 0.85783517E+02 0.87609299E+02 0.89464279E+02 0.91323723E+02 0.93130818E+02 0.94755659E+02 0.95981334E+02 0.96738542E+02 0.97197831E+02 0.97513857E+02 0.97777014E+02 0.98040127E+02 0.98331282E+02 0.98658491E+02 0.99007649E+02 0.99341228E+02 0.99631834E+02 0.99906615E+02 0.10021013E+03 0.10056511E+03 0.10097032E+03 0.10139585E+03 0.10175023E+03 0.10178318E+03 0.10106539E+03 0.99582234E+02 0.97760560E+02 0.95859179E+02
