pykrige/test/test2_answer.asc
NCOLS   100
NROWS   100
XLLCENTER      1.067275000E+06
YLLCENTER      2.414590000E+05
DX      5.000000000E+01
DY      2.500000000E+01
NODATA_VALUE      -9.990000E+02
[rows 22 to 43 of 100, columns 0 to 47 of 100]
-0.39109062E+01 -0.27698654E+01 -0.16672235E+01 -0.61019807E+00 0.39573554E+00 0.13481843E+01 0.22486541E+01 0.31024347E+01 0.39176261E+01 0.47037938E+01 0.54707725E+01 0.62278776E+01 0.69835155E+01 0.77450595E+01 0.85188513E+01 0.93102350E+01 0.10123584E+02 0.10962321E+02 0.11828946E+02 0.12725105E+02 0.13651704E+02 0.14609067E+02 0.15597112E+02 0.16615529E+02 0.17663920E+02 0.18741876E+02 0.19848909E+02 0.20983421E+02 0.22000242E+02 0.22300826E+02 0.22607572E+02 0.22937931E+02 0.23290398E+02 0.23662660E+02 0.24052105E+02 0.24455970E+02 0.24871652E+02 0.25298140E+02 0.25748872E+02 0.26678724E+02 0.28481758E+02 0.30333738E+02 0.32182433E+02 0.34020044E+02 0.35841708E+02 0.37642559E+02 0.39417123E+02 0.41159193E+02
-0.36817944E+01 -0.25320828E+01 -0.14228546E+01 -0.36275191E+00 0.64143985E+00 0.15865782E+01 0.24742888E+01 0.33107994E+01 0.41055987E+01 0.48696644E+01 0.56139973E+01 0.63487575E+01 0.70829208E+01 0.78242380E+01 0.85793062E+01 0.93536441E+01 0.10151731E+02 0.10977017E+02 0.11831944E+02 0.12718004E+02 0.13635855E+02 0.14585492E+02 0.15566420E+02 0.16577785E+02 0.17618344E+02 0.18685983E+02 0.19775407E+02 0.20863391E+02 0.21762075E+02 0.22199814E+02 0.22539791E+02 0.22885299E+02 0.23248495E+02 0.23630955E+02 0.24032166E+02 0.24451646E+02 0.24891198E+02 0.25362399E+02 0.25930122E+02 0.26947557E+02 0.28585937E+02 0.30386144E+02 0.32213921E+02 0.34041267E+02 0.35857226E+02 0.37654568E+02 0.39426833E+02 0.41167515E+02
-0.34522048E+01 -0.22924646E+01 -0.11752254E+01 -0.11086687E+00 0.89214822E+00 0.18296872E+01 0.27035293E+01 0.35211213E+01 0.42936933E+01 0.50339012E+01 0.57540397E+01 0.64651352E+01 0.71767015E+01 0.78968214E+01 0.86323103E+01 0.93888353E+01 0.10170960E+02 0.10982138E+02 0.11824706E+02 0.12699926E+02 0.13608097E+02 0.14548720E+02 0.15520642E+02 0.16522074E+02 0.17550223E+02 0.18599865E+02 0.19658038E+02 0.20681099E+02 0.21517504E+02 0.22043461E+02 0.22438632E+02 0.22814140E+02 0.23198624E+02 0.23600314E+02 0.24022541E+02 0.24468733E+02 0.24947249E+02 0.25484084E+02 0.26168607E+02 0.27234345E+02 0.28758009E+02 0.30487877E+02 0.32280507E+02 0.34088755E+02 0.35893492E+02 0.37683867E+02 0.39451725E+02 0.41189827E+02
-0.32227489E+01 -0.20514586E+01 -0.92452338E+00 0.14555524E+00 0.11481438E+01 0.20777795E+01 0.29364465E+01 0.37332076E+01 0.44815022E+01 0.51959789E+01 0.58903447E+01 0.65764816E+01 0.72643786E+01 0.79623863E+01 0.86774924E+01 0.94154878E+01 0.10181007E+02 0.10977489E+02 0.11807126E+02 0.12670882E+02 0.13568591E+02 0.14499114E+02 0.15460442E+02 0.16449578E+02 0.17461812E+02 0.18488463E+02 0.19510053E+02 0.20476514E+02 0.21281086E+02 0.21861619E+02 0.22313574E+02 0.22727786E+02 0.23141776E+02 0.23570357E+02 0.24021438E+02 0.24503052E+02 0.25030105E+02 0.25638318E+02 0.26415588E+02 0.27511349E+02 0.28963138E+02 0.30625484E+02 0.32376546E+02 0.34159875E+02 0.35949217E+02 0.37729834E+02 0.39491525E+02 0.41226021E+02
-0.29942082E+01 -0.18096843E+01 -0.67106544E+00 0.40656121E+00 0.14097194E+01 0.23311251E+01 0.31730465E+01 0.39467356E+01 0.46684645E+01 0.53552360E+01 0.60222583E+01 0.66822077E+01 0.73454461E+01 0.80205054E+01 0.87144934E+01 0.94333045E+01 0.10181642E+02 0.10962922E+02 0.11779170E+02 0.12630988E+02 0.13517650E+02 0.14437254E+02 0.15386800E+02 0.16361955E+02 0.17356078E+02 0.18357564E+02 0.19343365E+02 0.20266413E+02 0.21053752E+02 0.21671247E+02 0.22173903E+02 0.22630218E+02 0.23079259E+02 0.23540653E+02 0.24026668E+02 0.24549737E+02 0.25129876E+02 0.25806673E+02 0.26655709E+02 0.27773738E+02 0.29180424E+02 0.30786248E+02 0.32495542E+02 0.34251232E+02 0.36022559E+02 0.37791449E+02 0.39545661E+02 0.41275766E+02
-0.27675715E+01 -0.15679873E+01 -0.41535228E+00 0.67211622E+00 0.16771752E+01 0.25899878E+01 0.34132320E+01 0.41611958E+01 0.48538162E+01 0.55108444E+01 0.61490149E+01 0.67816646E+01 0.74193773E+01 0.80707565E+01 0.87429739E+01 0.94420163E+01 0.10172669E+02 0.10938341E+02 0.11740873E+02 0.12580456E+02 0.13455720E+02 0.14363901E+02 0.15300933E+02 0.16261153E+02 0.17236239E+02 0.18212630E+02 0.19166478E+02 0.20057431E+02 0.20835423E+02 0.21480430E+02 0.22026730E+02 0.22525196E+02 0.23012419E+02 0.23510735E+02 0.24035923E+02 0.24604007E+02 0.25238180E+02 0.25977584E+02 0.26883566E+02 0.28020385E+02 0.29398751E+02 0.30960162E+02 0.32631231E+02 0.34359138E+02 0.36111339E+02 0.37867403E+02 0.39613331E+02 0.41338556E+02
-0.25440775E+01 -0.13275103E+01 -0.15814904E+00 0.94205543E+00 0.19508130E+01 0.28546113E+01 0.36567419E+01 0.43758118E+01 0.50365288E+01 0.56617779E+01 0.62697293E+01 0.68741483E+01 0.74856351E+01 0.81127337E+01 0.87626243E+01 0.94413894E+01 0.10153933E+02 0.10903693E+02 0.11692330E+02 0.12519584E+02 0.13383358E+02 0.14279955E+02 0.15204210E+02 0.16149235E+02 0.17105414E+02 0.18058237E+02 0.18984921E+02 0.19852386E+02 0.20625783E+02 0.21292921E+02 0.21876830E+02 0.22415780E+02 0.22942433E+02 0.23480106E+02 0.24047003E+02 0.24661650E+02 0.25348623E+02 0.26144226E+02 0.27097113E+02 0.28251179E+02 0.29612272E+02 0.31140049E+02 0.32778178E+02 0.34479994E+02 0.36213247E+02 0.37956214E+02 0.39693569E+02 0.41413745E+02
-0.23252585E+01 -0.10897834E+01 0.99395900E-01 0.12160038E+01 0.22309282E+01 0.31251952E+01 0.39030529E+01 0.45894248E+01 0.52152334E+01 0.58067816E+01 0.63833948E+01 0.69589120E+01 0.75436890E+01 0.81460643E+01 0.87731777E+01 0.94312327E+01 0.10125320E+02 0.10858971E+02 0.11633695E+02 0.12448743E+02 0.13301219E+02 0.14186419E+02 0.15098082E+02 0.16028247E+02 0.16966427E+02 0.17897984E+02 0.18802197E+02 0.19652542E+02 0.20424425E+02 0.21110413E+02 0.21727154E+02 0.22304203E+02 0.22870190E+02 0.23448254E+02 0.24057954E+02 0.24719223E+02 0.25456640E+02 0.26302666E+02 0.27295650E+02 0.28466377E+02 0.29817882E+02 0.31320992E+02 0.32931969E+02 0.34610526E+02 0.36326010E+02 0.38056329E+02 0.39785310E+02 0.41500591E+02
-0.21129790E+01 -0.85683284E+00 0.35557504E+00 0.14932381E+01 0.25177941E+01 0.34018502E+01 0.41512158E+01 0.48003320E+01 0.53881356E+01 0.59443496E+01 0.64888927E+01 0.70351867E+01 0.75930380E+01 0.81704297E+01 0.87744273E+01 0.94114085E+01 0.10086757E+02 0.10804210E+02 0.11565172E+02 0.12368373E+02 0.13210033E+02 0.14084365E+02 0.14984025E+02 0.15900141E+02 0.16821733E+02 0.17734618E+02 0.18620533E+02 0.19458461E+02 0.20230905E+02 0.20933574E+02 0.21579393E+02 0.22191945E+02 0.22796275E+02 0.23414661E+02 0.24067130E+02 0.24774065E+02 0.25559112E+02 0.26450693E+02 0.27479096E+02 0.28666407E+02 0.30013939E+02 0.31499699E+02 0.33089172E+02 0.34747900E+02 0.36447497E+02 0.38166204E+02 0.39887447E+02 0.41598296E+02
-0.19094563E+01 -0.63130146E+00 0.60786428E+00 0.17724389E+01 0.28116304E+01 0.36845108E+01 0.43995764E+01 0.50060634E+01 0.55529306E+01 0.60727219E+01 0.65850188E+01 0.71022139E+01 0.76332420E+01 0.81855928E+01 0.87662466E+01 0.93818455E+01 0.10038225E+02 0.10739484E+02 0.11487009E+02 0.12278974E+02 0.13110600E+02 0.13974921E+02 0.14863510E+02 0.15766736E+02 0.16673428E+02 0.17570230E+02 0.18441377E+02 0.19270365E+02 0.20044770E+02 0.20762541E+02 0.21434414E+02 0.22079878E+02 0.22720991E+02 0.23378824E+02 0.24073196E+02 0.24824202E+02 0.25653983E+02 0.26587128E+02 0.27647682E+02 0.28851780E+02 0.30199621E+02 0.31674003E+02 0.33247190E+02 0.34889747E+02 0.36575794E+02 0.38284370E+02 0.39998874E+02 0.41706035E+02
-0.17172460E+01 -0.41655552E+00 0.85256153E+00 0.20512257E+01 0.31125349E+01 0.39727466E+01 0.46452864E+01 0.52030997E+01 0.57067447E+01 0.61899156E+01 0.66705325E+01 0.71592916E+01 0.76639605E+01 0.81914305E+01 0.87486162E+01 0.93425554E+01 0.99797542E+01 0.10664907E+02 0.11399500E+02 0.12181105E+02 0.13003787E+02 0.13859259E+02 0.14737991E+02 0.15629713E+02 0.16523302E+02 0.17406429E+02 0.18265707E+02 0.19088308E+02 0.19865575E+02 0.20597169E+02 0.21292559E+02 0.21968427E+02 0.22644417E+02 0.23340259E+02 0.24075100E+02 0.24868225E+02 0.25739960E+02 0.26711423E+02 0.27801810E+02 0.29023052E+02 0.30374585E+02 0.31842504E+02 0.33404101E+02 0.35034141E+02 0.36709224E+02 0.38409469E+02 0.40118526E+02 0.41822985E+02
-0.15391633E+01 -0.21672283E+00 0.10843314E+01 0.23252535E+01 0.34203124E+01 0.42653093E+01 0.48834507E+01 0.53865696E+01 0.58461505E+01 0.62938093E+01 0.67442336E+01 0.72058325E+01 0.76849989E+01 0.81879728E+01 0.87216554E+01 0.92936537E+01 0.99114410E+01 0.10580629E+02 0.11302982E+02 0.12075392E+02 0.12890533E+02 0.13738600E+02 0.14608907E+02 0.15490642E+02 0.16372899E+02 0.17244489E+02 0.18094213E+02 0.18912269E+02 0.19692899E+02 0.20437163E+02 0.21153844E+02 0.21857702E+02 0.22566463E+02 0.23298515E+02 0.24072036E+02 0.24905161E+02 0.25816277E+02 0.26823423E+02 0.27941978E+02 0.29180806E+02 0.30538783E+02 0.32004329E+02 0.33558507E+02 0.35179544E+02 0.36846356E+02 0.38540272E+02 0.40245397E+02 0.41948343E+02
-0.13781162E+01 -0.36566498E-01 0.12957869E+01 0.25864514E+01 0.37339569E+01 0.45588754E+01 0.51057205E+01 0.55500758E+01 0.59673278E+01 0.63822972E+01 0.68050661E+01 0.72414331E+01 0.76963593E+01 0.81754466E+01 0.86856608E+01 0.92353876E+01 0.98334524E+01 0.10486838E+02 0.11197837E+02 0.11962537E+02 0.12771871E+02 0.13614234E+02 0.14477699E+02 0.15351002E+02 0.16223591E+02 0.17085464E+02 0.17927424E+02 0.18742200E+02 0.19526359E+02 0.20282160E+02 0.21018090E+02 0.21747606E+02 0.22486932E+02 0.23253176E+02 0.24063391E+02 0.24934368E+02 0.25882537E+02 0.26923220E+02 0.28068740E+02 0.29325638E+02 0.30692352E+02 0.32158971E+02 0.33709417E+02 0.35324752E+02 0.36985988E+02 0.38675694E+02 0.40378559E+02 0.42081343E+02
-0.12368368E+01 0.11892776E+00 0.14775291E+01 0.28199294E+01 0.40495922E+01 0.48438719E+01 0.52984720E+01 0.56859806E+01 0.60664415E+01 0.64535157E+01 0.68522428E+01 0.72659471E+01 0.76982935E+01 0.81543237E+01 0.86411534E+01 0.91681727E+01 0.97460434E+01 0.10383757E+02 0.11084500E+02 0.11843345E+02 0.12648959E+02 0.13487544E+02 0.14345840E+02 0.15212222E+02 0.16076625E+02 0.16930264E+02 0.17765779E+02 0.18578063E+02 0.19365615E+02 0.20131777E+02 0.20885009E+02 0.21637915E+02 0.22405552E+02 0.23203863E+02 0.24048710E+02 0.24955448E+02 0.25938593E+02 0.27011065E+02 0.28182679E+02 0.29458155E+02 0.30835554E+02 0.32306178E+02 0.33856147E+02 0.35468840E+02 0.37127124E+02 0.38814786E+02 0.40517164E+02 0.42221264E+02
-0.11175329E+01 0.24531858E+00 0.16194419E+01 0.30009484E+01 0.43477206E+01 0.50884506E+01 0.54424296E+01 0.57866133E+01 0.61402557E+01 0.65061183E+01 0.68853742E+01 0.72795537E+01 0.76913515E+01 0.81253709E+01 0.85889366E+01 0.90926443E+01 0.96495783E+01 0.10271645E+02 0.10963474E+02 0.11718768E+02 0.12523126E+02 0.13360045E+02 0.14214856E+02 0.15075713E+02 0.15933177E+02 0.16779718E+02 0.17609679E+02 0.18419844E+02 0.19210381E+02 0.19985643E+02 0.20754262E+02 0.21528327E+02 0.22322017E+02 0.23150236E+02 0.24027659E+02 0.24968180E+02 0.25984476E+02 0.27087314E+02 0.28284401E+02 0.29578968E+02 0.30968732E+02 0.32445883E+02 0.33998247E+02 0.35611105E+02 0.37268952E+02 0.38956727E+02 0.40660449E+02 0.42367432E+02
-0.10215330E+01 0.33970203E+00 0.17137958E+01 0.31011173E+01 0.44966850E+01 0.52024689E+01 0.55188206E+01 0.58465145E+01 0.61868617E+01 0.65395418E+01 0.69045780E+01 0.72828109E+01 0.76764195E+01 0.80896983E+01 0.85301662E+01 0.90097329E+01 0.95445670E+01 0.10150795E+02 0.10835360E+02 0.11589974E+02 0.12395941E+02 0.13233427E+02 0.14086359E+02 0.14942890E+02 0.15794387E+02 0.16634615E+02 0.17459517E+02 0.18267572E+02 0.19060429E+02 0.19843418E+02 0.20625496E+02 0.21418512E+02 0.22236007E+02 0.23091991E+02 0.23999997E+02 0.24972473E+02 0.26020334E+02 0.27152393E+02 0.28374524E+02 0.29688696E+02 0.31092292E+02 0.32578154E+02 0.34135449E+02 0.35751030E+02 0.37410815E+02 0.39100813E+02 0.40807729E+02 0.42519221E+02
-0.94903282E+00 0.40153654E+00 0.17588615E+01 0.31121229E+01 0.43856066E+01 0.51399901E+01 0.55227925E+01 0.58647346E+01 0.62062491E+01 0.65541864E+01 0.69105432E+01 0.72766808E+01 0.76547406E+01 0.80488016E+01 0.84664365E+01 0.89207764E+01 0.94317271E+01 0.10021536E+02 0.10700904E+02 0.11458455E+02 0.12269304E+02 0.13109602E+02 0.13962068E+02 0.14815195E+02 0.15661376E+02 0.16495724E+02 0.17315703E+02 0.18121328E+02 0.18915600E+02 0.19704808E+02 0.20498373E+02 0.21308126E+02 0.22147200E+02 0.23028859E+02 0.23965557E+02 0.24968334E+02 0.26046408E+02 0.27206777E+02 0.28453679E+02 0.29787965E+02 0.31206684E+02 0.32703158E+02 0.34267623E+02 0.35888245E+02 0.37552185E+02 0.39246443E+02 0.40958392E+02 0.42676054E+02
-0.89903770E+00 0.43284439E+00 0.17599319E+01 0.30556376E+01 0.42162890E+01 0.49988879E+01 0.54682033E+01 0.58454448E+01 0.62004340E+01 0.65514454E+01 0.69045302E+01 0.72625192E+01 0.76279094E+01 0.80045881E+01 0.83998787E+01 0.88276950E+01 0.93121009E+01 0.98842279E+01 0.10561102E+02 0.11326207E+02 0.12145557E+02 0.12990745E+02 0.13843814E+02 0.14694098E+02 0.15535262E+02 0.16363817E+02 0.17178671E+02 0.17981248E+02 0.18775799E+02 0.19569574E+02 0.20372581E+02 0.21196841E+02 0.22055288E+02 0.22960597E+02 0.23924228E+02 0.24955841E+02 0.26063002E+02 0.27250987E+02 0.28522515E+02 0.29877416E+02 0.31312400E+02 0.32821143E+02 0.34394747E+02 0.36022496E+02 0.37692644E+02 0.39393102E+02 0.41111887E+02 0.42837391E+02
-0.86952461E+00 0.43766393E+00 0.17266839E+01 0.29606664E+01 0.40440262E+01 0.48387494E+01 0.53761265E+01 0.57963086E+01 0.61730705E+01 0.65335690E+01 0.68883006E+01 0.72420255E+01 0.75978329E+01 0.79593723E+01 0.83332607E+01 0.87332583E+01 0.91872916E+01 0.97392657E+01 0.10417401E+02 0.11196018E+02 0.12027613E+02 0.12879308E+02 0.13733532E+02 0.14581089E+02 0.15417158E+02 0.16239672E+02 0.17048893E+02 0.17847532E+02 0.18641010E+02 0.19437546E+02 0.20247853E+02 0.21084345E+02 0.21959976E+02 0.22886993E+02 0.23875945E+02 0.24935134E+02 0.26070484E+02 0.27285583E+02 0.28581704E+02 0.29957710E+02 0.31409967E+02 0.32932416E+02 0.34516887E+02 0.36153624E+02 0.37831861E+02 0.39540347E+02 0.41267716E+02 0.43002728E+02
-0.85776077E+00 0.42107957E+00 0.16694775E+01 0.28474447E+01 0.38777347E+01 0.46777182E+01 0.52639848E+01 0.57259903E+01 0.61287436E+01 0.65034049E+01 0.68639912E+01 0.72171559E+01 0.75666536E+01 0.79158211E+01 0.82700508E+01 0.86414745E+01 0.90599745E+01 0.95870750E+01 0.10272168E+02 0.11071910E+02 0.11919060E+02 0.12777996E+02 0.13633211E+02 0.14477648E+02 0.15308163E+02 0.16124072E+02 0.16926877E+02 0.17720451E+02 0.18511300E+02 0.19308626E+02 0.20123974E+02 0.20970361E+02 0.21860990E+02 0.22807858E+02 0.23820683E+02 0.24906408E+02 0.26069275E+02 0.27311174E+02 0.28631951E+02 0.30029536E+02 0.31499949E+02 0.33037341E+02 0.34634173E+02 0.36281543E+02 0.37969575E+02 0.39687795E+02 0.41425425E+02 0.43171585E+02
-0.86066942E+00 0.38830102E+00 0.15971097E+01 0.27274755E+01 0.37198461E+01 0.45219642E+01 0.51432608E+01 0.56423539E+01 0.60722512E+01 0.64640921E+01 0.68339541E+01 0.71900082E+01 0.75366330E+01 0.78768231E+01 0.82143693E+01 0.85580607E+01 0.89350803E+01 0.94281216E+01 0.10129831E+02 0.10959718E+02 0.11824149E+02 0.12689656E+02 0.13544825E+02 0.14385206E+02 0.15209341E+02 0.16017803E+02 0.16813174E+02 0.17600345E+02 0.18386821E+02 0.19182801E+02 0.20000793E+02 0.20854646E+02 0.21758073E+02 0.22723025E+02 0.23758460E+02 0.24869916E+02 0.26059864E+02 0.27328427E+02 0.28674010E+02 0.30093622E+02 0.31582948E+02 0.33136326E+02 0.34746793E+02 0.36406228E+02 0.38105578E+02 0.39835104E+02 0.41584587E+02 0.43343499E+02
-0.87514751E+00 0.34406383E+00 0.15162317E+01 0.26070810E+01 0.35712647E+01 0.43740310E+01 0.50209939E+01 0.55517397E+01 0.60080817E+01 0.64187803E+01 0.68005906E+01 0.71626916E+01 0.75100013E+01 0.78452674E+01 0.81707068E+01 0.84907053E+01 0.88225545E+01 0.92629528E+01 0.99998366E+01 0.10867560E+02 0.11747547E+02 0.12617078E+02 0.13470214E+02 0.14305087E+02 0.15121698E+02 0.15921644E+02 0.16708379E+02 0.17487640E+02 0.18267834E+02 0.19060161E+02 0.19878233E+02 0.20736999E+02 0.21650992E+02 0.22632348E+02 0.23689330E+02 0.24825974E+02 0.26042816E+02 0.27338084E+02 0.28708693E+02 0.30150744E+02 0.31659609E+02 0.33229823E+02 0.34854977E+02 0.36527694E+02 0.38239705E+02 0.39981966E+02 0.41744800E+02 0.43518015E+02
