pykrige/test/test3_answer.asc
NCOLS 198 
NROWS 99 
XLLCORNER 1067266.69494727 
YLLCORNER 241459.635285088 
CELLSIZE 25 
NODATA_value -9999 
[rows 60 to 79 of 99, columns 0 to 45 of 198]
19.524729619402 19.2585689888456 18.9058999655495 18.6021471567322 18.9609035901577 18.9260381577881 18.7736242728798 19.1962151983561 19.2362178924154 18.9414356191222 18.5289745382813 18.7043904082797 18.4565919737398 18.5472983628589 18.3466598415133 18.06269042554 17.6664254330583 17.2810681558221 15.9205067125585 14.6273230232124 14.6552644145975 16.014486182263 16.0788896630968 15.9288218975543 15.7128618867514 15.4607898389799 15.1846021159212 15.1842924129813 15.0183850195734 14.898763638055 14.751361168357 14.6821251879211 14.7130948016581 15.1629888816348 15.4491434468712 15.6008346192834 16.2235851722862 17.0520784008695 17.1048959447361 17.1683279811853 17.4135688392956 17.7463929803993 18.0801770049164 18.4167748633431 19.4368233517111 19.8992885828247
19.9415794728519 19.6244097670568 19.7844350612967 19.4963456486422 19.8273819648683 19.7494969080431 19.8807556266998 19.8666266568744 19.8274301249265 20.0727107297431 19.7130987501804 19.6333556498264 19.2104563304545 19.0548646743053 18.7967886712549 18.4621748637486 17.9995664303254 17.6014744129343 16.4170611140603 15.4855727997943 15.254709738135 15.512206261211 16.1764892208813 16.4483109968273 16.4054430205596 16.3817144579513 16.1589542129834 15.7448996966119 15.6341985694022 15.655005105702 15.6373460692611 15.6086221299975 15.5835782205773 15.8649170631108 16.3843032014942 16.0490763406783 16.6637029955617 17.638028658981 17.7445496489585 17.8069715582781 18.0139444300272 18.3299824869881 18.6662277900317 19.0154354879341 20.1074178010736 20.4831752987521
20.119221077846 19.9045268573189 20.2583880243671 19.9489206540184 20.1926033158201 20.0936110301136 20.2245152837037 20.2766593034517 20.2896407149837 20.6161660864795 20.2674087427487 20.0664978404546 19.7185649999129 19.4906338712805 19.1961558767608 18.7924258134244 18.285561828747 17.8846222661552 16.8563332335636 16.091410507688 15.9267460610542 16.2105958320809 16.7064614391044 16.9256516517621 16.8538971284819 16.7391098737002 16.5572492278083 16.234751115782 16.2418867586471 16.2885641723365 16.3168335804557 16.2690007526825 16.2688844194221 16.5336454059084 16.9799745815735 16.9734109911452 17.5223277044017 18.2811094873237 18.3972203783776 18.4654483354036 18.7077088334277 18.9862793157144 19.2649344052211 19.6697513929804 20.5552584572987 21.0930395066699
20.3813902701876 20.2942141605509 20.8648823913742 20.5176840694948 20.6082004426748 20.5703509999575 20.7823317004606 20.8669949738466 21.0645468121974 21.3628683305251 21.0086937655699 20.6494308887625 20.3655738752453 19.9978821438186 19.6544415758383 19.1680739706343 18.6156741894698 18.2159813308533 17.5036252892829 17.0275169924823 17.0945616046261 17.2813245594895 17.4167706769374 17.4641971545185 17.3426550022408 17.099523778289 16.901799454137 17.1406322829813 17.2156748180167 17.1514822791893 17.1464239205882 17.1022957278062 17.1443353901134 17.3893645822869 17.7325270102831 18.1713557176272 18.5973097104139 18.9957231638397 19.1882973866585 19.2950791345939 19.6360394931956 19.9309964296748 20.2983947491743 20.7072606467811 21.0745038937787 21.9165024565884
20.7236353378597 20.629796671599 21.1577402923161 20.8138430465678 20.8886285964699 20.9416751504051 21.2361179428188 21.2760682434063 21.5817777855729 21.762784615354 21.4005649491826 21.0644232618221 20.7535042903914 20.3640723852263 20.0342686655646 19.5731645680692 19.0477514792787 18.6644558485504 18.0471809491502 17.6290509891994 17.8303074924045 17.9106624075352 17.9520929314303 17.926589194242 17.8101656177166 17.5805949653325 17.3290393942717 17.9616612807165 17.958399767965 17.7724331267477 17.6888432114645 17.6798119088765 17.7338056352157 17.9863045275521 18.3320048691803 18.7507893668558 19.1486409088473 19.4958521095836 19.7390800727397 19.8652631070443 20.2400732741047 20.5856830726299 21.0928292434019 21.4229671131439 21.5776465728232 22.0251048933759
21.2425868513361 21.1015779268204 21.4638212734159 21.1065427924061 21.124718638915 21.1629850957283 21.3571960698778 21.431156222275 21.7306468504599 21.9232208643202 21.5706900904602 21.2769892274192 21.0780832067786 20.7089017344564 20.3619286310407 19.8693577836304 19.3997501856988 19.0485534770089 18.5178470581514 18.1940514209447 18.2573874141684 18.3511833842053 18.3637302580663 18.2708346260515 18.1147176857314 17.961682481596 17.8724251867777 18.5573690041904 18.4986886002226 18.4109410500192 18.3468663505246 18.1968676670376 18.2222462157368 18.9900692642752 19.5402301204995 19.4885345785652 19.7764497285172 20.0665983270161 20.3047521766256 20.4516093105628 20.8641025646357 21.2408994472703 21.597006705205 21.8697210418715 22.1173660380621 22.2599615252953
21.9674820124913 21.7859351549488 21.8261440416388 21.461445749049 21.3852683616816 21.3737625224128 21.5590326190047 21.6180321058518 21.9732599516925 21.9197964766363 21.5495913964611 21.4107864159116 21.5047577795105 21.2283856940125 20.8414899522761 20.3786635611231 19.8927891993886 19.5338694477935 19.0106913341025 18.7743420839042 18.6943512144753 18.6538972479611 18.7027413418846 18.5482186944312 18.270989738475 18.2470945816895 18.415424966375 19.1536244882556 19.1425951741369 19.1336718740587 19.0759840189694 18.7481907499764 18.7619500634664 19.7443838608015 20.4061581742226 20.543351032794 20.7844632305944 21.0772428153269 21.3298315589175 21.424756071533 21.6072609375768 21.8517556853088 22.1349439922875 22.4255563597483 22.7300395859166 22.8463945239869
22.2954729195109 22.1169588780283 22.1271937313768 21.7687103399989 21.6888686647016 21.678028297379 21.8730972316394 21.9355333011949 22.3054751490356 22.2252815272743 21.859312666144 21.7467288969553 21.8826962075462 21.625171774932 21.2407946869622 20.7905167570313 20.3073487576225 19.9532757306928 19.4347080400326 19.2133892946181 19.1268774943369 19.0750731012733 19.1376745262254 18.9850925491296 18.7003620888676 18.6975983723542 18.9004540056885 19.6497377871813 19.6530320767139 19.6561888604709 19.6036528155615 19.2621798755371 19.279319998561 20.2721756330924 20.9425810583984 21.125961159139 21.3656899413132 21.660900546439 21.9147449651512 22.0003562174641 22.1483394194181 22.3713896877089 22.647482436408 22.9381252409147 23.2414992592265 23.3519492900808
23.0202131754738 22.8207681972547 23.369146862965 23.0101669208044 22.885372177763 22.6468657787475 22.4103941200543 22.1877798039573 22.1431402700337 22.6979545508072 22.4159471610351 22.3080705762102 22.4709519952245 22.1504771724707 21.7300938865265 21.2823560525473 20.8162896845942 20.4696014755449 19.9560000793882 19.7251638728505 19.6195531262186 19.5861818116329 19.573235265974 19.4708178001785 19.2759910724602 19.4789843871582 20.210930175886 20.3491107353791 20.2266244549798 20.0587067980271 19.8606393543954 19.7014361817109 19.8689806599382 20.8040902467606 21.3978013634994 21.8994300828373 22.1716293462878 22.3248612723467 22.3723522626213 22.6079763582517 22.8129710767226 23.0096258690331 23.5276927867377 23.9946187246728 24.1698927093388 24.2525989046631
23.4749564788156 23.4516824528495 23.9555297513861 23.617007970877 23.5123091543034 23.1627070104562 22.809647429357 22.4033022232496 22.0336117490989 22.9403718187196 22.7198813689565 22.9692327507721 22.5415522345201 22.1921279001411 21.8141275612378 21.4258013361674 21.0628591017195 20.7560643045011 20.3317968590393 20.2531040595576 20.1160539289029 20.0705840627842 19.9996237239999 19.9458080432239 19.810400972558 20.4810629031777 20.8943069509019 20.9738726770859 20.7027052431171 20.4869169912611 20.2638854645036 20.1540145900959 20.4412589276666 21.2819001475672 21.8930857082912 22.5283958895816 22.8830387093024 23.0568461031366 23.1086807381825 23.3075452604955 23.3837651645329 23.5058416355837 24.1583257064828 24.4437575207201 24.6855513586068 24.7720061193479
23.75433428752 23.8074922388595 24.2687577158955 23.9264967047631 23.7960061699726 23.4868619709814 23.1968919740465 22.9784002875368 22.6762622203997 23.3379289762362 23.0972559672517 23.2885484140335 22.8616614322019 22.503193880475 22.1160414605219 21.7600178437929 21.4269112239928 21.1278470919944 20.7292116281431 20.6292661467708 20.5001456718115 20.4127800276691 20.3172992979458 20.2711380851977 20.1370039485477 20.6025818358266 21.3483423099416 21.4247559678223 21.2778198043898 21.0729146667472 20.7262049833254 20.6387251071361 21.0246443979192 21.8294186907075 22.4418122712709 23.0787778608969 23.4952704423011 23.6742647046159 23.7130754358785 23.8849909401958 23.9560518572543 24.0562851121153 24.5428793564721 24.7776594959087 25.0115092202694 25.0993034116495
24.0210536048728 24.0562835156344 24.2930923839185 23.9626767483046 23.9123556118283 23.7840447757376 23.665881198332 23.7165291086535 23.6616383299807 23.7787773010634 23.4808110002737 23.5765915390915 23.1585085404807 22.7829481171234 22.2607543129296 22.0205368982482 21.7252445723556 21.387166495763 21.0379912663064 20.9705112959501 20.937545867535 20.7617578921824 20.5800870640148 20.4463137661989 20.2635932616855 20.3477410473818 21.3647776567715 21.6240360509107 21.81997025781 21.7287534840586 21.1031811316798 21.0403275088562 21.6780106137525 22.4604797251192 23.0539086477672 23.6837946126357 24.2010548047409 24.383565878043 24.396712558551 24.4901792157275 24.5090911133574 24.560870122993 24.7160954465645 24.9148916669109 25.15532180877 25.2368979770212
24.326025729009 24.1923147184626 24.2775755513446 23.9832609279109 24.094260724022 24.1013764771121 24.0601830018479 24.0334354665005 24.1324298065165 24.1638338762208 23.8583878172562 23.9836801991078 23.5890711967726 23.2283053172338 22.5861896064414 22.424609304379 22.1239036171261 21.7394861326114 21.4068586194747 21.436128119259 21.5103093677466 21.336398794443 21.1236595168668 20.8883824799883 20.6618234847364 20.76033810041 21.3924112281631 21.8797618913407 22.2147593452596 22.2419735709477 21.5515870515116 21.4701117386866 22.2221986639442 23.0623678449457 23.6371929215412 24.2599284746872 24.7634681018969 24.9405018822903 24.9526279132297 25.0134980967604 24.9827280593516 25.0239614362192 25.1513774373254 25.4143935306249 25.6735032964467 25.7389789867301
24.5766493104953 24.3953191519386 24.4852228778441 24.1926976285719 24.3073063838225 24.3739872930895 24.3845372577639 24.4053767668775 24.4426633299231 24.5020189247318 24.2065180142922 24.256849361652 23.8675142623683 23.4955988880591 23.0813970306643 22.9461892036322 22.4379568014793 22.02192546336 21.7577391144591 21.9298353874458 21.9562553076138 21.7399479088497 21.5411655830836 21.3262755654821 21.1099456521727 21.177101302851 21.4805937519564 21.8447704188585 22.1254073156477 22.2474267633245 21.9663222070062 21.9215039580876 22.7458974927392 23.5995931620828 24.2477903573184 24.8598562520601 25.3359762414684 25.4826621530147 25.4639000929102 25.4453997852054 25.4073129570664 25.455194638054 25.6045284751615 25.8850303545503 26.2515490822827 26.3045022258537
24.5882948798105 24.6077250964785 24.6386811915294 24.3447659701098 24.4557580280838 24.6187795265099 24.7716472160632 24.7383492883577 24.7075244291567 24.7607930280648 24.4696035985942 24.4397493351803 24.0331010338751 23.5956792200146 23.1961008381683 23.2990394945674 22.6861041667327 22.1859305908967 21.957065340041 22.2172091961526 22.2395990659484 22.0927813001264 21.9794898673444 21.8452433638288 21.649712709763 21.6272141492864 21.8487712972709 22.0476174514583 22.2997482620072 22.48779352803 22.384861604198 22.3767371564032 23.2260039750055 24.1512515880173 24.8110800005589 25.4743859446032 25.9290567749251 26.0787505909656 26.002553152343 25.8196276897802 25.7246233026586 25.7534783123543 25.9199282266154 26.2371774402017 26.5898151253744 26.6634876972135
24.8491672877933 24.9237611244897 24.9472500263308 24.6591259804985 24.7752574638662 24.9603841768514 25.1463591726476 25.1027718957957 25.0689488000592 25.124494003745 24.8395952596766 24.805255288464 24.4004572723435 23.9556592685373 23.5437368728855 23.703285871202 23.0927259161893 22.5826539883743 22.3608736010368 22.6326357041259 22.6641178221267 22.5420966904621 22.4517442427567 22.33959792039 22.1535667516126 22.1196578238393 22.3595678029815 22.538322107712 22.7942043000113 22.9926938707176 22.8935721262272 22.8936265930952 23.7470886398522 24.6902571523697 25.3486023158827 26.0269210594416 26.4816682195817 26.6368352592645 26.5520270709365 26.3409669978533 26.2346847916972 26.2591614393253 26.4276490136017 26.7515793711874 27.0909234262383 27.1703479758085
25.0373897925672 25.0400036420837 25.1011285277903 24.7936324545491 24.8976895142932 25.1905707565513 25.3044882706918 25.3840327897399 25.8093911385656 25.8878951874135 25.5903787861215 25.0917457653682 24.5290616378084 24.0504283370323 23.6279860925026 23.3736749012436 23.0278904804737 22.725252785561 22.5703907638476 22.7420486091263 22.6374560268829 22.46418503527 22.2166452816304 22.0021550565274 22.5529223911693 22.879021117585 22.8349002117649 23.1641333244659 23.5645662286888 23.6399205174256 23.3516029896967 23.4496381808419 24.2942208834997 25.1596040705653 25.8477036681003 26.6272247346223 26.963300883812 27.1061657442831 27.0657948324785 26.8030762271296 26.4142742164715 26.386123967407 26.6726566716569 27.1584674726623 27.4971408982203 27.5708661727533
25.4585766685016 25.3028420057297 25.3252115109697 25.0382597916813 25.1456423539455 25.3292433059139 25.6452095229936 25.8575974251827 26.0823945897938 26.2044857738128 25.9184617510058 25.1877256494865 24.5667942618738 24.1644093094771 23.8313086514008 23.5014827120759 23.1303537767417 22.8535271534994 22.7178184545709 22.6358714049895 22.6229604660636 22.5984041040252 22.5847455261863 22.5296601307356 23.1178384244173 23.5040008904159 23.5277581177639 23.7306692767228 23.9027233752184 23.879516452654 23.7946254403248 24.0759123388327 24.937941796186 25.8336035308328 26.4979130211262 26.6172370207562 26.8111218516962 27.2077415394934 27.1477041185761 26.7066576538549 26.1759537788403 26.3280778795365 27.1821264297182 27.79350683687 27.9087788219198 27.9868702034888
25.7635730263904 25.6265239711504 25.6664248170198 25.3883786093576 25.5019322924708 25.676265920596 25.9447160948128 26.1880613562404 26.3918928152873 26.4942863336383 26.2116455765199 25.3853977138988 24.8560156029908 24.4781832765437 24.1462556714027 23.8279981574031 23.4744311078116 23.2078396998047 23.0921077474123 23.0132061734519 23.0297256366699 23.0463465668512 23.0620587614779 23.0160811460952 23.6014970833454 23.9705482316489 24.0366902119643 24.2639790592617 24.4130578650892 24.3604914324001 24.2940268957883 24.6244647460316 25.4992479907624 26.3108456243219 26.9030639264866 27.012099593638 27.1233425421435 27.3560942872102 27.3027651028882 26.9669612819561 26.5926848226478 26.727193199257 27.3624141036013 27.860691341104 28.0586891471218 28.1415786104251
25.9516568796548 25.8764683042075 25.9286024391462 25.6580587617899 25.7360547725691 25.8234501627128 25.9071352921407 26.0855951262436 26.1416146289051 26.1139396714994 25.8303811961656 25.0924456006744 24.7724861884061 24.4316727023074 24.1143979538659 23.8287388205974 23.5353905280524 23.3467706589824 23.2556829030732 23.2124965887297 23.2907113785755 23.4095430491007 23.5285662584232 23.5087747398254 23.8886608503605 24.1945087535111 24.4317156943997 24.6972055091957 24.8458814944033 24.7390128763279 24.6892299998167 25.1059575663648 25.9062934339889 26.4236100833116 26.8481302706512 27.0187288746285 26.9273863878237 26.743050886016 26.6932852387569 26.5973323823138 26.6193138839967 26.7203477991781 26.8498574898708 27.0998600947967 27.4639141921323 27.5590489607648
