pykrige/test/test3_answer.asc
NCOLS 198 
NROWS 99 
XLLCORNER 1067266.69494727 
YLLCORNER 241459.635285088 
CELLSIZE 25 
NODATA_value -9999 
[rows 60 to 79 of 99, columns 92 to 137 of 198]
37.2139561126657 38.8954749841064 39.6764451788903 40.6014679127348 41.0144183261624 41.1857909357118 42.1547549944557 43.1785577907535 44.7144827258862 46.7497972614863 48.0869819605396 50.1172486627412 53.6904414171313 57.818718948719 59.4864053784885 60.6661755372168 61.8834013813443 62.9640377436059 64.3024517090693 65.4142980460294 66.0889376303236 66.9513463395038 67.512015975545 68.1100050611119 68.850994515028 69.4051428549541 70.1887164319395 70.8833397968373 71.4558104527988 71.7824015142585 72.1679430093275 72.522788099444 72.9662283010086 73.3068323152027 73.758729161636 74.2309989611314 74.6800847318046 75.1972511062234 75.486316363792 75.6541805539016 76.1863054462964 77.1001439777083 77.4449304246868 77.7208033044514 77.6602660678568 77.9044625990748
37.9713023089424 39.4497857951422 40.6063014104899 41.6023234327549 42.4691466471922 42.4369687343775 43.312645849852 44.8042974860746 46.8616171421472 49.2225109973392 50.6412135480604 52.7947077297827 56.4205570641917 58.9029897432299 60.032538103452 61.2814978069721 62.569844342258 63.7065671172965 64.9473375289855 66.1084630350383 66.8534589731979 67.4177834480236 67.9966330660101 68.5333752408288 69.1596447893704 69.6778487681727 70.3818185040784 71.1171531991112 71.8070422178407 72.2358029243289 72.5671794093995 72.9370873598674 73.3877823181661 73.6902822796624 74.1808077976002 74.6129270859606 75.0774419221146 75.5661783447912 75.877509186658 76.1582172768968 76.6202090852768 77.4412626727105 77.9311886114726 78.3159903121256 78.2534118332351 78.5020988450998
38.8864023210508 40.1805564933062 41.438584671847 42.4533648203093 43.5661514857289 43.8321283695981 44.7775506995988 46.4275349377199 48.515037813903 51.4502961996988 53.1624148715388 56.0221457178371 58.5586254842047 59.4322173410072 60.4884357982588 61.8136246234603 63.131667719529 64.3255020450205 65.5092690754766 66.6451004794919 67.2691482376483 67.7889213872939 68.290851192565 68.7975060539815 69.3318656633152 69.8715855307387 70.7030912773698 71.5583945053945 72.3061291666049 72.674868106205 73.0385652835714 73.4003543511739 73.8057722454369 74.1104919771169 74.5059614055002 75.0318921008012 75.4919861998812 75.9909160336716 76.329565877882 76.7411947918313 77.0945172291284 77.7990023375588 78.4811356632818 78.9683666419065 78.8564278705109 79.1019577586098
40.1406338137823 41.4790717865193 42.8500383425641 43.8868818048267 45.1413793876541 45.8678703374458 46.9146508436469 48.4683177680329 50.3868408715693 53.2322205399445 54.9340418037952 57.2697480875873 59.0329510629786 59.8244232140626 60.909129445282 62.2247497176363 63.5482252319894 64.7004124289003 65.8106791077387 66.8154115799645 67.5411178169128 68.0650184644893 68.6818206244404 69.4064794486572 70.2422446595981 70.7383828826435 71.4372022297536 72.1417595782559 72.7564807813324 73.1466330857107 73.4497836565529 73.8117335069644 74.2188592538891 74.5967022225308 75.0149185037169 75.5388240874154 75.9774122434827 76.4555489198625 76.8218243789056 77.3666823040918 77.5405583403373 78.1920535246979 78.8892018112092 79.4054769738981 79.472106474535 79.767249202372
42.4452659867279 43.8646341807981 45.0632887316185 46.078267763608 47.2555288539955 48.3312969124797 49.4059187175497 50.6506043989823 53.1122193301264 55.796544695308 57.1320770518489 58.4908870495771 59.4967417122355 60.3366697221958 61.4538971078523 62.738995162002 64.0474592368384 65.1500103810947 66.2031562471868 67.1550433720273 67.9119177575753 68.5359136202772 69.2264948324258 69.8864885559359 70.949185962416 71.9134379220211 72.3696397147266 72.7958118182899 73.1859430380058 73.5367656869279 73.8395985813295 74.1979717955895 74.6233245379208 75.0888855072698 75.4279121708992 75.9015339872525 76.3793579385041 76.8561735502579 77.2324492770796 77.7160541237191 77.879125144495 78.4410021671124 79.1277818435846 79.6164211899672 79.9527325273004 80.3333472519496
43.364291748937 44.8090725503109 45.8607075943054 46.8540073396816 47.9206111066378 48.9633656781476 50.002833527324 51.1235587175764 53.96085033295 56.5972308309922 57.7331830151658 58.8067346526227 59.7663439354753 60.6628454981739 61.7713925413431 63.0278073278947 64.3034985509425 65.3711507796735 66.3952561463167 67.3244655053289 68.0775254037628 68.805221311272 69.5193874844512 70.0719881302269 71.1403745608454 72.4045743447118 72.8125982992589 73.1775907917021 73.5258667186253 73.8602454775979 74.207155331017 74.5782042694327 75.0273967619205 75.5202920133459 75.8205401273959 76.2836243407949 76.8095714983412 77.312347182587 77.69755452311 78.1001480963149 78.3612275886463 78.916524663331 79.6064628200549 80.0811203458515 80.4920213085949 80.9074768191065
43.9183653785183 45.3404894796458 46.4244353968623 47.418949630245 48.4707857896378 49.4388227288417 50.4925894557104 51.6821950493558 54.5983128218259 57.0371445621107 58.0633934248662 59.156327479181 60.032848517473 61.0233716541197 62.1428219051528 63.3832796163447 64.6579622773497 65.7061673749839 66.7155960796651 67.598677337496 68.4119391016712 69.1691493350341 69.9289413350873 70.4983384237099 71.4806618984942 72.6191369981815 73.0415695328376 73.4536900081859 73.7839432862479 74.2170338265148 74.4889646323798 74.8713950849508 75.1894551765951 75.4563255568517 75.7991535346598 76.415332142105 77.0535257667528 77.7546763291095 78.1668560130667 78.5990903342552 78.8722490043362 79.345840626132 80.0000790999363 80.5289278691907 80.9552278143594 81.382018461288
44.2464669636688 45.6648175878865 46.9322279624329 47.9542430746611 48.9447276039565 49.9237827116068 51.220560460911 52.7717217727504 55.4094329058113 57.4582254035619 58.4557793844582 59.5379184482271 60.5109358615193 61.5620216222746 62.5600008692678 63.7799770201472 65.0077052560433 66.0269375105135 67.1293060796514 67.9886119458587 68.8309030673013 69.7262667111355 70.3674193172577 70.9257078818382 71.520875700457 72.1451443571397 72.7028083293274 73.2679332929194 73.8230523739113 74.343254952273 74.7930346733678 75.2041305136002 75.6069778842237 76.0080365391585 76.4559146571394 76.8372852362488 77.4159660879888 78.0931033064267 78.5240664524284 79.0162099135663 79.3338363628442 79.7387953250344 80.310278370137 80.8860161708371 81.3825974044564 81.8357185931499
44.7510716599127 46.1917313590025 47.2655292749972 48.2470556386377 49.2331490864177 50.2174658847744 51.5104328659884 53.0605778540596 55.66609319928 57.7100209562268 58.7064330840593 59.7729998996288 60.7366961360961 61.7534956475566 62.7372975902237 63.9347428378204 65.0051590570465 66.0312439076082 67.2118794213673 68.079144838959 68.9310875550939 69.8362667212204 70.5060995897626 71.0864131526261 71.7020094038004 72.3504575586992 72.936629030484 73.5208557274431 74.0948756118262 74.6374249022511 75.1130274659535 75.5434906382074 75.9625762383925 76.3955922601182 76.8621079241186 77.2493381451208 77.8417236129293 78.541173288399 78.9903724251925 79.4977269308883 79.8363352419969 80.2477818439229 80.8272835255364 81.4135087153819 81.9316522148386 82.4007238008081
45.1927561511862 46.5569250197557 47.6058908304925 48.5781568919887 49.5699166606756 50.6734125190542 52.0993904902489 53.6459647568538 55.9850176294526 58.0634326176852 59.1577097478076 60.2096539800123 61.2056767360766 62.078549548902 63.0724256657602 64.235799282442 65.2716603780287 66.253582048295 67.3128558550578 68.2710225344936 69.1609816288255 70.0362589895108 70.8159666698162 71.3754110782518 71.9592346890827 72.6027729930101 73.2262727217844 73.7912098996977 74.3421521199249 74.9008443060158 75.432847096181 75.8732603685173 76.2760575147105 76.8209437966356 77.3049643855062 77.636282524712 78.2182484344853 78.9527488522155 79.4196351703929 79.9319164804998 80.297341194239 80.6322812425964 81.1728770269627 81.7510077880004 82.3361386192762 82.8372595863166
45.5480123215416 46.8763232594285 47.9577683551624 48.9277411676251 50.0092663772984 51.2327792169388 52.8543549495552 54.2316120910904 56.2680346797916 58.3124668375856 59.4716317459913 60.5453482248946 61.5230060025024 62.3799969840773 63.3029557791037 64.430572512996 65.4273181501501 66.3725858634975 67.3619169059138 68.2715332521267 69.1546993919783 70.0479117587014 70.996368832923 71.5616237210997 72.1648378496591 72.8009706784879 73.4439330630497 74.0425428898715 74.5876488128948 75.1443578694199 75.699572017183 76.1462588642215 76.5369957063912 77.0934241976871 77.6096968020054 78.0320821472524 78.660310363106 79.3695567225348 79.8554244658514 80.4167807247177 80.7477525273392 81.0580988847637 81.6430842539133 82.2907710870721 82.8896590479008 83.400594342419
45.991230204408 47.2749452572979 48.5291045508506 49.5167734462589 50.8318200546134 52.1264086351701 53.4081632964467 54.6844398526066 56.5490798308917 58.3069051176978 59.6535170044382 60.7459926513721 61.6930362281842 62.562498812072 63.4812210652013 64.5904868184935 65.5716253728878 66.4884371831116 67.4385608238996 68.3373252472845 69.2134535018527 70.109946918792 71.176391846253 71.7569734192144 72.3820659297434 73.0266482065511 73.6630004562401 74.2575558447928 74.8381504749004 75.4162371280197 75.994973583619 76.4537406630128 76.8433980552511 77.4071788487118 77.9376044381354 78.4104028215583 79.0445106354526 79.72605380345 80.2280324601103 80.8239180451791 81.2335789246933 81.5488713051775 82.1101915859442 82.7581743561386 83.3542346594214 83.8756975039798
46.3806315169706 47.6695088108455 49.0320557058035 50.0247140506493 51.3950632107303 52.7379375917501 54.0036411131763 55.1654664617207 56.8349528683088 58.2053026858582 59.8132748259402 60.9786436076009 61.8991900391671 62.7880868649535 63.6864849440945 64.7694064103359 65.7254385052586 66.6242335961079 67.5185675928302 68.3762072335082 69.2316248178829 70.0835527549457 71.1243950878349 71.7774805516614 72.4568828493894 73.2113434502183 73.9275176210103 74.5378473862295 75.1565390234033 75.7114446560203 76.2302475781324 76.713703128138 77.1295950861427 77.659347213359 78.2223678861531 78.7730624319206 79.3835360004966 80.0073030099274 80.5221040883476 81.1273472729008 81.6282949582777 82.0018190825204 82.5225256487924 83.1549169631182 83.736097401708 84.265037568977
46.9440483255737 48.2265425871437 49.5849765492946 50.564680645182 52.0049695936944 53.385632703029 54.5490859958433 55.6042825732191 57.076624166358 58.3413707070072 60.0025310184553 61.1887635236437 62.0994009631137 62.9761192993525 63.8481322879001 64.9129894868415 65.8514207981856 66.7508208670305 67.6310794865929 68.4661531525043 69.3150214369086 70.1394629495382 71.0767732190192 71.7834799495414 72.5006712525671 73.3452524232206 74.1434402618709 74.7885353233498 75.4258374810643 75.9671054300361 76.4441204148758 76.9553219557348 77.4109989481508 77.9305463041134 78.5251001416406 79.1098168833337 79.7179804467907 80.3422687753492 80.8719930002453 81.474425749654 81.9947397644453 82.4239611004188 82.9528569459944 83.5913585459812 84.1812580419004 84.7234300396726
47.6912598764102 48.9336865008913 50.1590309252049 51.1062127298795 52.5765661120549 53.9070743160166 54.9037675000904 56.0023991931544 57.2332975445131 58.3222074351542 60.0886699688237 61.3448417415185 62.24181108764 63.0784525617655 64.0155377475762 65.0127828718072 65.9162285948867 66.7993606097665 67.6626085911495 68.6286922981815 69.5684601514478 70.3478509203191 71.1689086779574 71.9502291778814 72.683933296788 73.53252847558 74.3125938681878 74.998950701969 75.6398378627895 76.166234371981 76.640301934549 77.162450902145 77.6421441361695 78.2111655936442 78.812870124689 79.4108042056906 80.0158817535337 80.6331517704607 81.1751709200953 81.7597156250997 82.3163915932426 82.7793627405772 83.2895196540083 83.9139954961522 84.5119720069657 85.0667973422633
48.1052874441709 49.3259302515485 50.3055675911285 51.4308313728061 52.8947218200293 54.1979036003057 55.1547430917186 56.2608991823289 57.4445403788923 58.4880608283892 60.2640926950516 61.5255956636308 62.4096727470489 63.2019271296534 63.993212785889 64.9823524367496 65.8816384507764 66.7634191073034 67.6518880493595 68.6965225002196 69.6313231876481 70.4807813928045 71.2812420997421 72.0563811077119 72.7728853314324 73.5987285560659 74.3483963070036 74.9833742665823 75.6585245508201 76.2717089058043 76.7738396308095 77.3229993861683 77.8198606946318 78.3381932721978 78.9486313856462 79.5750609121237 80.1964489241877 80.8112121783461 81.3678784454356 81.9728239509759 82.5791497754279 83.1662938788388 83.7505548461458 84.351992507356 84.9453420525363 85.5130961659941
48.6592402864143 49.8871317085419 50.8371959172742 52.133820383182 53.3024803733149 54.3228703200418 55.3850889992088 56.4793024214702 57.6920665963334 58.7258672301162 60.030172576443 61.1485739943896 62.1319841421297 63.1797298955366 64.1171514717531 65.1028327899714 65.9955288072871 66.8732568586329 67.7644921215138 68.8062218218367 69.7390110974907 70.6001940705314 71.4056430768814 72.1860436701219 72.9079826204928 73.7386132253067 74.4963432161534 75.1405319580476 75.8277588210192 76.4581966000039 76.9817128030401 77.5472692364558 78.0642724351095 78.5945933605708 79.217399262782 79.8582320661231 80.4906851730439 81.1138478550747 81.6846337032726 82.3050375680942 82.9330639634946 83.5524010684401 84.1623945826908 84.7833883020147 85.3876487615027 85.9693622353749
49.0611659940562 50.2703155883495 51.2132461185287 52.2530222077946 53.3363194478255 54.4124958938335 55.5212312380895 56.6526293863818 57.789389555891 58.7621123395567 59.7308109319036 60.813433112342 61.8826212447688 62.8962892956502 63.9468924326235 65.012169121661 65.906923252364 66.8077805041963 67.7816043678443 68.7377470661678 69.6657484991401 70.5910204088603 71.4130865101209 72.2165620231194 72.9304308076036 73.7193719290047 74.4761415494197 75.1642501780808 75.8503081657827 76.4795876178275 77.1357481080342 77.7381094206959 78.3746270167612 78.9721207111447 79.5768722591578 80.2060881538017 80.7860592644991 81.3364989502795 81.9175547093877 82.5675631165896 83.3161934700793 84.1351683056994 84.8669472045403 85.6119601336327 86.1958961629306 86.7740650768781
49.3872685775404 50.5458869148821 51.4654923627142 52.498144493713 53.5745162740569 54.6462085524568 55.7434176101834 56.8611293613344 57.985202545202 58.9424465576692 59.9108862322704 60.9862363986453 62.0433453316402 63.0805474222923 64.1161182735876 65.1690162356899 66.0663690514226 66.959169790428 67.9350084118263 68.8810694391974 69.8264490292526 70.7106221082405 71.5638019458838 72.3845484609723 73.0962892645301 73.8753478218673 74.6069796140298 75.2486467257209 76.0560732826113 76.7386779141307 77.382500714816 77.9928606132643 78.639688102996 79.2674505804916 79.8825280471434 80.4855074204617 81.0828425813829 81.6763169428373 82.2740695864755 82.9946786935183 83.8116894472541 84.6230240056121 85.3165648091415 85.9917041887912 86.6813854637502 87.3078583684151
49.7146395490976 50.7328628386076 51.6051573713914 52.6658883427912 53.7389268061638 54.820344618287 55.8839975205357 57.0040819442801 58.1399019841042 59.0809247015258 60.0763957671253 61.139432189458 62.1833426522543 63.3146015029052 64.3977098014913 65.4049761633602 66.3174018028952 67.1217655852301 68.0720054529891 69.0505520111413 69.9873429661393 70.875370582346 71.7521683251081 72.5873615908752 73.3268137347204 74.0965169792221 74.7842453169626 75.4168539423108 76.2306718200584 76.9339372008123 77.5861106775029 78.2071082766051 78.8670407812749 79.5102348906867 80.1399972161632 80.7603911723903 81.3840010335296 81.9732926419201 82.5765721850541 83.2581341583042 84.1110313187045 84.971681434163 85.735614617846 86.4111882457595 87.0902307195592 87.7260460550199
